vin	-100*((V(V2s)*I(RL))/(V(Vpos)*I(VIN)))
6.200000000000000e+00	5.046338e+01
6.200300000000000e+00	5.046080e+01
6.200600000000001e+00	5.045823e+01
6.200900000000001e+00	5.045565e+01
6.201200000000001e+00	5.045308e+01
6.201500000000001e+00	5.045051e+01
6.201800000000001e+00	5.044794e+01
6.202100000000002e+00	5.044537e+01
6.202400000000002e+00	5.044279e+01
6.202700000000002e+00	5.044022e+01
6.203000000000002e+00	5.043765e+01
6.203300000000002e+00	5.043508e+01
6.203600000000002e+00	5.043251e+01
6.203900000000003e+00	5.042993e+01
6.204200000000003e+00	5.042737e+01
6.204500000000003e+00	5.042479e+01
6.204800000000003e+00	5.042222e+01
6.205100000000003e+00	5.041965e+01
6.205400000000004e+00	5.041708e+01
6.205700000000004e+00	5.041451e+01
6.206000000000004e+00	5.041195e+01
6.206300000000004e+00	5.040937e+01
6.206600000000004e+00	5.040681e+01
6.206900000000005e+00	5.040424e+01
6.207200000000005e+00	5.040167e+01
6.207500000000005e+00	5.039910e+01
6.207800000000005e+00	5.039654e+01
6.208100000000005e+00	5.039396e+01
6.208400000000005e+00	5.039140e+01
6.208700000000006e+00	5.038883e+01
6.209000000000006e+00	5.038627e+01
6.209300000000006e+00	5.038370e+01
6.209600000000006e+00	5.038113e+01
6.209900000000006e+00	5.037856e+01
6.210200000000007e+00	5.037600e+01
6.210500000000007e+00	5.037343e+01
6.210800000000007e+00	5.037087e+01
6.211100000000007e+00	5.036830e+01
6.211400000000007e+00	5.036574e+01
6.211700000000008e+00	5.036317e+01
6.212000000000008e+00	5.036061e+01
6.212300000000008e+00	5.035805e+01
6.212600000000008e+00	5.035548e+01
6.212900000000008e+00	5.035291e+01
6.213200000000008e+00	5.035035e+01
6.213500000000009e+00	5.034779e+01
6.213800000000009e+00	5.034523e+01
6.214100000000009e+00	5.034267e+01
6.214400000000009e+00	5.034011e+01
6.214700000000009e+00	5.033754e+01
6.215000000000010e+00	5.033498e+01
6.215300000000010e+00	5.033242e+01
6.215600000000010e+00	5.032986e+01
6.215900000000010e+00	5.032730e+01
6.216200000000010e+00	5.032474e+01
6.216500000000011e+00	5.032218e+01
6.216800000000011e+00	5.031961e+01
6.217100000000011e+00	5.031705e+01
6.217400000000011e+00	5.031449e+01
6.217700000000011e+00	5.031194e+01
6.218000000000012e+00	5.030938e+01
6.218300000000012e+00	5.030682e+01
6.218600000000012e+00	5.030426e+01
6.218900000000012e+00	5.030170e+01
6.219200000000012e+00	5.029914e+01
6.219500000000012e+00	5.029658e+01
6.219800000000013e+00	5.029402e+01
6.220100000000013e+00	5.029147e+01
6.220400000000013e+00	5.028891e+01
6.220700000000013e+00	5.028636e+01
6.221000000000013e+00	5.028379e+01
6.221300000000014e+00	5.028124e+01
6.221600000000014e+00	5.027868e+01
6.221900000000014e+00	5.027613e+01
6.222200000000014e+00	5.027357e+01
6.222500000000014e+00	5.027102e+01
6.222800000000015e+00	5.026846e+01
6.223100000000015e+00	5.026591e+01
6.223400000000015e+00	5.026335e+01
6.223700000000015e+00	5.026080e+01
6.224000000000015e+00	5.025824e+01
6.224300000000015e+00	5.025569e+01
6.224600000000016e+00	5.025313e+01
6.224900000000016e+00	5.025058e+01
6.225200000000016e+00	5.024803e+01
6.225500000000016e+00	5.024547e+01
6.225800000000016e+00	5.024292e+01
6.226100000000017e+00	5.024037e+01
6.226400000000017e+00	5.023782e+01
6.226700000000017e+00	5.023526e+01
6.227000000000017e+00	5.023271e+01
6.227300000000017e+00	5.023016e+01
6.227600000000018e+00	5.022761e+01
6.227900000000018e+00	5.022506e+01
6.228200000000018e+00	5.022251e+01
6.228500000000018e+00	5.021996e+01
6.228800000000018e+00	5.021741e+01
6.229100000000019e+00	5.021485e+01
6.229400000000019e+00	5.021231e+01
6.229700000000019e+00	5.020975e+01
6.230000000000019e+00	5.020721e+01
6.230300000000019e+00	5.020466e+01
6.230600000000019e+00	5.020211e+01
6.230900000000020e+00	5.019956e+01
6.231200000000020e+00	5.019701e+01
6.231500000000020e+00	5.019446e+01
6.231800000000020e+00	5.019192e+01
6.232100000000020e+00	5.018937e+01
6.232400000000021e+00	5.018682e+01
6.232700000000021e+00	5.018427e+01
6.233000000000021e+00	5.018173e+01
6.233300000000021e+00	5.017917e+01
6.233600000000021e+00	5.017663e+01
6.233900000000022e+00	5.017408e+01
6.234200000000022e+00	5.017154e+01
6.234500000000022e+00	5.016899e+01
6.234800000000022e+00	5.016645e+01
6.235100000000022e+00	5.016391e+01
6.235400000000022e+00	5.016136e+01
6.235700000000023e+00	5.015881e+01
6.236000000000023e+00	5.015626e+01
6.236300000000023e+00	5.015373e+01
6.236600000000023e+00	5.015118e+01
6.236900000000023e+00	5.014864e+01
6.237200000000024e+00	5.014609e+01
6.237500000000024e+00	5.014355e+01
6.237800000000024e+00	5.014100e+01
6.238100000000024e+00	5.013846e+01
6.238400000000024e+00	5.013592e+01
6.238700000000025e+00	5.013338e+01
6.239000000000025e+00	5.013084e+01
6.239300000000025e+00	5.012830e+01
6.239600000000025e+00	5.012575e+01
6.239900000000025e+00	5.012321e+01
6.240200000000026e+00	5.012067e+01
6.240500000000026e+00	5.011813e+01
6.240800000000026e+00	5.011559e+01
6.241100000000026e+00	5.011305e+01
6.241400000000026e+00	5.011051e+01
6.241700000000026e+00	5.010797e+01
6.242000000000027e+00	5.010542e+01
6.242300000000027e+00	5.010289e+01
6.242600000000027e+00	5.010035e+01
6.242900000000027e+00	5.009781e+01
6.243200000000027e+00	5.009527e+01
6.243500000000028e+00	5.009273e+01
6.243800000000028e+00	5.009019e+01
6.244100000000028e+00	5.008766e+01
6.244400000000028e+00	5.008512e+01
6.244700000000028e+00	5.008258e+01
6.245000000000029e+00	5.008005e+01
6.245300000000029e+00	5.007751e+01
6.245600000000029e+00	5.007497e+01
6.245900000000029e+00	5.007243e+01
6.246200000000029e+00	5.006990e+01
6.246500000000029e+00	5.006736e+01
6.246800000000030e+00	5.006483e+01
6.247100000000030e+00	5.006229e+01
6.247400000000030e+00	5.005976e+01
6.247700000000030e+00	5.005722e+01
6.248000000000030e+00	5.005469e+01
6.248300000000031e+00	5.005215e+01
6.248600000000031e+00	5.004962e+01
6.248900000000031e+00	5.004708e+01
6.249200000000031e+00	5.004455e+01
6.249500000000031e+00	5.004202e+01
6.249800000000032e+00	5.003948e+01
6.250100000000032e+00	5.003694e+01
6.250400000000032e+00	5.003442e+01
6.250700000000032e+00	5.003189e+01
6.251000000000032e+00	5.002935e+01
6.251300000000032e+00	5.002682e+01
6.251600000000033e+00	5.002429e+01
6.251900000000033e+00	5.002175e+01
6.252200000000033e+00	5.001922e+01
6.252500000000033e+00	5.001669e+01
6.252800000000033e+00	5.001416e+01
6.253100000000034e+00	5.001163e+01
6.253400000000034e+00	5.000911e+01
6.253700000000034e+00	5.000658e+01
6.254000000000034e+00	5.000404e+01
6.254300000000034e+00	5.000151e+01
6.254600000000035e+00	4.999898e+01
6.254900000000035e+00	4.999645e+01
6.255200000000035e+00	4.999393e+01
6.255500000000035e+00	4.999140e+01
6.255800000000035e+00	4.998887e+01
6.256100000000036e+00	4.998634e+01
6.256400000000036e+00	4.998381e+01
6.256700000000036e+00	4.998128e+01
6.257000000000036e+00	4.997875e+01
6.257300000000036e+00	4.997623e+01
6.257600000000036e+00	4.997371e+01
6.257900000000037e+00	4.997117e+01
6.258200000000037e+00	4.996865e+01
6.258500000000037e+00	4.996612e+01
6.258800000000037e+00	4.996359e+01
6.259100000000037e+00	4.996107e+01
6.259400000000038e+00	4.995854e+01
6.259700000000038e+00	4.995602e+01
6.260000000000038e+00	4.995349e+01
6.260300000000038e+00	4.995097e+01
6.260600000000038e+00	4.994844e+01
6.260900000000039e+00	4.994592e+01
6.261200000000039e+00	4.994340e+01
6.261500000000039e+00	4.994087e+01
6.261800000000039e+00	4.993835e+01
6.262100000000039e+00	4.993583e+01
6.262400000000039e+00	4.993331e+01
6.262700000000040e+00	4.993078e+01
6.263000000000040e+00	4.992826e+01
6.263300000000040e+00	4.992574e+01
6.263600000000040e+00	4.992322e+01
6.263900000000040e+00	4.992069e+01
6.264200000000041e+00	4.991817e+01
6.264500000000041e+00	4.991565e+01
6.264800000000041e+00	4.991313e+01
6.265100000000041e+00	4.991061e+01
6.265400000000041e+00	4.990809e+01
6.265700000000042e+00	4.990557e+01
6.266000000000042e+00	4.990305e+01
6.266300000000042e+00	4.990052e+01
6.266600000000042e+00	4.989801e+01
6.266900000000042e+00	4.989549e+01
6.267200000000043e+00	4.989297e+01
6.267500000000043e+00	4.989045e+01
6.267800000000043e+00	4.988793e+01
6.268100000000043e+00	4.988541e+01
6.268400000000043e+00	4.988289e+01
6.268700000000043e+00	4.988037e+01
6.269000000000044e+00	4.987786e+01
6.269300000000044e+00	4.987534e+01
6.269600000000044e+00	4.987282e+01
6.269900000000044e+00	4.987031e+01
6.270200000000044e+00	4.986779e+01
6.270500000000045e+00	4.986527e+01
6.270800000000045e+00	4.986275e+01
6.271100000000045e+00	4.986024e+01
6.271400000000045e+00	4.985773e+01
6.271700000000045e+00	4.985521e+01
6.272000000000046e+00	4.985269e+01
6.272300000000046e+00	4.985018e+01
6.272600000000046e+00	4.984766e+01
6.272900000000046e+00	4.984515e+01
6.273200000000046e+00	4.984263e+01
6.273500000000046e+00	4.984012e+01
6.273800000000047e+00	4.983761e+01
6.274100000000047e+00	4.983510e+01
6.274400000000047e+00	4.983258e+01
6.274700000000047e+00	4.983006e+01
6.275000000000047e+00	4.982755e+01
6.275300000000048e+00	4.982504e+01
6.275600000000048e+00	4.982252e+01
6.275900000000048e+00	4.982002e+01
6.276200000000048e+00	4.981751e+01
6.276500000000048e+00	4.981499e+01
6.276800000000049e+00	4.981248e+01
6.277100000000049e+00	4.980997e+01
6.277400000000049e+00	4.980746e+01
6.277700000000049e+00	4.980495e+01
6.278000000000049e+00	4.980244e+01
6.278300000000050e+00	4.979993e+01
6.278600000000050e+00	4.979742e+01
6.278900000000050e+00	4.979491e+01
6.279200000000050e+00	4.979239e+01
6.279500000000050e+00	4.978989e+01
6.279800000000050e+00	4.978738e+01
6.280100000000051e+00	4.978487e+01
6.280400000000051e+00	4.978236e+01
6.280700000000051e+00	4.977985e+01
6.281000000000051e+00	4.977735e+01
6.281300000000051e+00	4.977484e+01
6.281600000000052e+00	4.977233e+01
6.281900000000052e+00	4.976982e+01
6.282200000000052e+00	4.976732e+01
6.282500000000052e+00	4.976481e+01
6.282800000000052e+00	4.976230e+01
6.283100000000053e+00	4.975979e+01
6.283400000000053e+00	4.975729e+01
6.283700000000053e+00	4.975478e+01
6.284000000000053e+00	4.975228e+01
6.284300000000053e+00	4.974977e+01
6.284600000000053e+00	4.974727e+01
6.284900000000054e+00	4.974476e+01
6.285200000000054e+00	4.974225e+01
6.285500000000054e+00	4.973975e+01
6.285800000000054e+00	4.973725e+01
6.286100000000054e+00	4.973474e+01
6.286400000000055e+00	4.973224e+01
6.286700000000055e+00	4.972974e+01
6.287000000000055e+00	4.972723e+01
6.287300000000055e+00	4.972473e+01
6.287600000000055e+00	4.972223e+01
6.287900000000056e+00	4.971973e+01
6.288200000000056e+00	4.971722e+01
6.288500000000056e+00	4.971473e+01
6.288800000000056e+00	4.971222e+01
6.289100000000056e+00	4.970972e+01
6.289400000000057e+00	4.970721e+01
6.289700000000057e+00	4.970471e+01
6.290000000000057e+00	4.970221e+01
6.290300000000057e+00	4.969972e+01
6.290600000000057e+00	4.969721e+01
6.290900000000057e+00	4.969471e+01
6.291200000000058e+00	4.969221e+01
6.291500000000058e+00	4.968971e+01
6.291800000000058e+00	4.968721e+01
6.292100000000058e+00	4.968471e+01
6.292400000000058e+00	4.968221e+01
6.292700000000059e+00	4.967972e+01
6.293000000000059e+00	4.967722e+01
6.293300000000059e+00	4.967472e+01
6.293600000000059e+00	4.967222e+01
6.293900000000059e+00	4.966972e+01
6.294200000000060e+00	4.966722e+01
6.294500000000060e+00	4.966473e+01
6.294800000000060e+00	4.966223e+01
6.295100000000060e+00	4.965973e+01
6.295400000000060e+00	4.965724e+01
6.295700000000060e+00	4.965474e+01
6.296000000000061e+00	4.965224e+01
6.296300000000061e+00	4.964975e+01
6.296600000000061e+00	4.964725e+01
6.296900000000061e+00	4.964476e+01
6.297200000000061e+00	4.964226e+01
6.297500000000062e+00	4.963977e+01
6.297800000000062e+00	4.963728e+01
6.298100000000062e+00	4.963478e+01
6.298400000000062e+00	4.963229e+01
6.298700000000062e+00	4.962979e+01
6.299000000000063e+00	4.962730e+01
6.299300000000063e+00	4.962480e+01
6.299600000000063e+00	4.962231e+01
6.299900000000063e+00	4.961982e+01
6.300200000000063e+00	4.961732e+01
6.300500000000063e+00	4.961483e+01
6.300800000000064e+00	4.961234e+01
6.301100000000064e+00	4.960985e+01
6.301400000000064e+00	4.960735e+01
6.301700000000064e+00	4.960486e+01
6.302000000000064e+00	4.960237e+01
6.302300000000065e+00	4.959988e+01
6.302600000000065e+00	4.959739e+01
6.302900000000065e+00	4.959490e+01
6.303200000000065e+00	4.959241e+01
6.303500000000065e+00	4.958992e+01
6.303800000000066e+00	4.958743e+01
6.304100000000066e+00	4.958494e+01
6.304400000000066e+00	4.958245e+01
6.304700000000066e+00	4.957996e+01
6.305000000000066e+00	4.957747e+01
6.305300000000067e+00	4.957498e+01
6.305600000000067e+00	4.957249e+01
6.305900000000067e+00	4.957001e+01
6.306200000000067e+00	4.956752e+01
6.306500000000067e+00	4.956503e+01
6.306800000000067e+00	4.956254e+01
6.307100000000068e+00	4.956006e+01
6.307400000000068e+00	4.955757e+01
6.307700000000068e+00	4.955508e+01
6.308000000000068e+00	4.955259e+01
6.308300000000068e+00	4.955011e+01
6.308600000000069e+00	4.954762e+01
6.308900000000069e+00	4.954513e+01
6.309200000000069e+00	4.954265e+01
6.309500000000069e+00	4.954017e+01
6.309800000000069e+00	4.953768e+01
6.310100000000070e+00	4.953519e+01
6.310400000000070e+00	4.953271e+01
6.310700000000070e+00	4.953022e+01
6.311000000000070e+00	4.952774e+01
6.311300000000070e+00	4.952526e+01
6.311600000000070e+00	4.952277e+01
6.311900000000071e+00	4.952029e+01
6.312200000000071e+00	4.951781e+01
6.312500000000071e+00	4.951532e+01
6.312800000000071e+00	4.951284e+01
6.313100000000071e+00	4.951036e+01
6.313400000000072e+00	4.950788e+01
6.313700000000072e+00	4.950539e+01
6.314000000000072e+00	4.950292e+01
6.314300000000072e+00	4.950043e+01
6.314600000000072e+00	4.949795e+01
6.314900000000073e+00	4.949547e+01
6.315200000000073e+00	4.949299e+01
6.315500000000073e+00	4.949051e+01
6.315800000000073e+00	4.948803e+01
6.316100000000073e+00	4.948554e+01
6.316400000000074e+00	4.948307e+01
6.316700000000074e+00	4.948059e+01
6.317000000000074e+00	4.947811e+01
6.317300000000074e+00	4.947563e+01
6.317600000000074e+00	4.947315e+01
6.317900000000074e+00	4.947066e+01
6.318200000000075e+00	4.946819e+01
6.318500000000075e+00	4.946571e+01
6.318800000000075e+00	4.946324e+01
6.319100000000075e+00	4.946076e+01
6.319400000000075e+00	4.945828e+01
6.319700000000076e+00	4.945580e+01
6.320000000000076e+00	4.945332e+01
6.320300000000076e+00	4.945084e+01
6.320600000000076e+00	4.944837e+01
6.320900000000076e+00	4.944589e+01
6.321200000000077e+00	4.944342e+01
6.321500000000077e+00	4.944095e+01
6.321800000000077e+00	4.943847e+01
6.322100000000077e+00	4.943599e+01
6.322400000000077e+00	4.943351e+01
6.322700000000077e+00	4.943104e+01
6.323000000000078e+00	4.942856e+01
6.323300000000078e+00	4.942609e+01
6.323600000000078e+00	4.942362e+01
6.323900000000078e+00	4.942114e+01
6.324200000000078e+00	4.941867e+01
6.324500000000079e+00	4.941620e+01
6.324800000000079e+00	4.941372e+01
6.325100000000079e+00	4.941125e+01
6.325400000000079e+00	4.940877e+01
6.325700000000079e+00	4.940630e+01
6.326000000000080e+00	4.940383e+01
6.326300000000080e+00	4.940136e+01
6.326600000000080e+00	4.939888e+01
6.326900000000080e+00	4.939641e+01
6.327200000000080e+00	4.939394e+01
6.327500000000081e+00	4.939147e+01
6.327800000000081e+00	4.938900e+01
6.328100000000081e+00	4.938653e+01
6.328400000000081e+00	4.938406e+01
6.328700000000081e+00	4.938159e+01
6.329000000000081e+00	4.937912e+01
6.329300000000082e+00	4.937665e+01
6.329600000000082e+00	4.937418e+01
6.329900000000082e+00	4.937171e+01
6.330200000000082e+00	4.936924e+01
6.330500000000082e+00	4.936677e+01
6.330800000000083e+00	4.936430e+01
6.331100000000083e+00	4.936183e+01
6.331400000000083e+00	4.935937e+01
6.331700000000083e+00	4.935690e+01
6.332000000000083e+00	4.935443e+01
6.332300000000084e+00	4.935196e+01
6.332600000000084e+00	4.934949e+01
6.332900000000084e+00	4.934702e+01
6.333200000000084e+00	4.934457e+01
6.333500000000084e+00	4.934209e+01
6.333800000000084e+00	4.933963e+01
6.334100000000085e+00	4.933716e+01
6.334400000000085e+00	4.933469e+01
6.334700000000085e+00	4.933223e+01
6.335000000000085e+00	4.932977e+01
6.335300000000085e+00	4.932730e+01
6.335600000000086e+00	4.932484e+01
6.335900000000086e+00	4.932237e+01
6.336200000000086e+00	4.931990e+01
6.336500000000086e+00	4.931744e+01
6.336800000000086e+00	4.931498e+01
6.337100000000087e+00	4.931251e+01
6.337400000000087e+00	4.931005e+01
6.337700000000087e+00	4.930759e+01
6.338000000000087e+00	4.930513e+01
6.338300000000087e+00	4.930266e+01
6.338600000000087e+00	4.930020e+01
6.338900000000088e+00	4.929774e+01
6.339200000000088e+00	4.929527e+01
6.339500000000088e+00	4.929281e+01
6.339800000000088e+00	4.929035e+01
6.340100000000088e+00	4.928789e+01
6.340400000000089e+00	4.928543e+01
6.340700000000089e+00	4.928297e+01
6.341000000000089e+00	4.928051e+01
6.341300000000089e+00	4.927804e+01
6.341600000000089e+00	4.927558e+01
6.341900000000090e+00	4.927313e+01
6.342200000000090e+00	4.927066e+01
6.342500000000090e+00	4.926820e+01
6.342800000000090e+00	4.926575e+01
6.343100000000090e+00	4.926329e+01
6.343400000000091e+00	4.926083e+01
6.343700000000091e+00	4.925837e+01
6.344000000000091e+00	4.925591e+01
6.344300000000091e+00	4.925345e+01
6.344600000000091e+00	4.925100e+01
6.344900000000091e+00	4.924853e+01
6.345200000000092e+00	4.924608e+01
6.345500000000092e+00	4.924363e+01
6.345800000000092e+00	4.924117e+01
6.346100000000092e+00	4.923871e+01
6.346400000000092e+00	4.923626e+01
6.346700000000093e+00	4.923379e+01
6.347000000000093e+00	4.923134e+01
6.347300000000093e+00	4.922888e+01
6.347600000000093e+00	4.922643e+01
6.347900000000093e+00	4.922398e+01
6.348200000000094e+00	4.922152e+01
6.348500000000094e+00	4.921906e+01
6.348800000000094e+00	4.921661e+01
6.349100000000094e+00	4.921415e+01
6.349400000000094e+00	4.921170e+01
6.349700000000094e+00	4.920924e+01
6.350000000000095e+00	4.920679e+01
6.350300000000095e+00	4.920434e+01
6.350600000000095e+00	4.920189e+01
6.350900000000095e+00	4.919943e+01
6.351200000000095e+00	4.919698e+01
6.351500000000096e+00	4.919453e+01
6.351800000000096e+00	4.919207e+01
6.352100000000096e+00	4.918962e+01
6.352400000000096e+00	4.918718e+01
6.352700000000096e+00	4.918472e+01
6.353000000000097e+00	4.918227e+01
6.353300000000097e+00	4.917982e+01
6.353600000000097e+00	4.917736e+01
6.353900000000097e+00	4.917492e+01
6.354200000000097e+00	4.917246e+01
6.354500000000098e+00	4.917001e+01
6.354800000000098e+00	4.916756e+01
6.355100000000098e+00	4.916512e+01
6.355400000000098e+00	4.916266e+01
6.355700000000098e+00	4.916022e+01
6.356000000000098e+00	4.915777e+01
6.356300000000099e+00	4.915532e+01
6.356600000000099e+00	4.915287e+01
6.356900000000099e+00	4.915042e+01
6.357200000000099e+00	4.914797e+01
6.357500000000099e+00	4.914553e+01
6.357800000000100e+00	4.914308e+01
6.358100000000100e+00	4.914063e+01
6.358400000000100e+00	4.913818e+01
6.358700000000100e+00	4.913573e+01
6.359000000000100e+00	4.913328e+01
6.359300000000101e+00	4.913084e+01
6.359600000000101e+00	4.912839e+01
6.359900000000101e+00	4.912595e+01
6.360200000000101e+00	4.912351e+01
6.360500000000101e+00	4.912106e+01
6.360800000000101e+00	4.911862e+01
6.361100000000102e+00	4.911617e+01
6.361400000000102e+00	4.911372e+01
6.361700000000102e+00	4.911127e+01
6.362000000000102e+00	4.910884e+01
6.362300000000102e+00	4.910639e+01
6.362600000000103e+00	4.910395e+01
6.362900000000103e+00	4.910150e+01
6.363200000000103e+00	4.909906e+01
6.363500000000103e+00	4.909661e+01
6.363800000000103e+00	4.909417e+01
6.364100000000104e+00	4.909172e+01
6.364400000000104e+00	4.908929e+01
6.364700000000104e+00	4.908685e+01
6.365000000000104e+00	4.908440e+01
6.365300000000104e+00	4.908196e+01
6.365600000000105e+00	4.907952e+01
6.365900000000105e+00	4.907707e+01
6.366200000000105e+00	4.907463e+01
6.366500000000105e+00	4.907219e+01
6.366800000000105e+00	4.906976e+01
6.367100000000105e+00	4.906731e+01
6.367400000000106e+00	4.906487e+01
6.367700000000106e+00	4.906243e+01
6.368000000000106e+00	4.905999e+01
6.368300000000106e+00	4.905755e+01
6.368600000000106e+00	4.905511e+01
6.368900000000107e+00	4.905268e+01
6.369200000000107e+00	4.905023e+01
6.369500000000107e+00	4.904780e+01
6.369800000000107e+00	4.904536e+01
6.370100000000107e+00	4.904292e+01
6.370400000000108e+00	4.904048e+01
6.370700000000108e+00	4.903805e+01
6.371000000000108e+00	4.903560e+01
6.371300000000108e+00	4.903317e+01
6.371600000000108e+00	4.903073e+01
6.371900000000108e+00	4.902830e+01
6.372200000000109e+00	4.902586e+01
6.372500000000109e+00	4.902343e+01
6.372800000000109e+00	4.902098e+01
6.373100000000109e+00	4.901855e+01
6.373400000000109e+00	4.901611e+01
6.373700000000110e+00	4.901368e+01
6.374000000000110e+00	4.901124e+01
6.374300000000110e+00	4.900881e+01
6.374600000000110e+00	4.900637e+01
6.374900000000110e+00	4.900394e+01
6.375200000000111e+00	4.900151e+01
6.375500000000111e+00	4.899907e+01
6.375800000000111e+00	4.899664e+01
6.376100000000111e+00	4.899420e+01
6.376400000000111e+00	4.899177e+01
6.376700000000112e+00	4.898934e+01
6.377000000000112e+00	4.898691e+01
6.377300000000112e+00	4.898447e+01
6.377600000000112e+00	4.898204e+01
6.377900000000112e+00	4.897960e+01
6.378200000000112e+00	4.897717e+01
6.378500000000113e+00	4.897474e+01
6.378800000000113e+00	4.897231e+01
6.379100000000113e+00	4.896988e+01
6.379400000000113e+00	4.896745e+01
6.379700000000113e+00	4.896501e+01
6.380000000000114e+00	4.896259e+01
6.380300000000114e+00	4.896016e+01
6.380600000000114e+00	4.895773e+01
6.380900000000114e+00	4.895529e+01
6.381200000000114e+00	4.895287e+01
6.381500000000115e+00	4.895044e+01
6.381800000000115e+00	4.894801e+01
6.382100000000115e+00	4.894558e+01
6.382400000000115e+00	4.894315e+01
6.382700000000115e+00	4.894072e+01
6.383000000000115e+00	4.893829e+01
6.383300000000116e+00	4.893587e+01
6.383600000000116e+00	4.893343e+01
6.383900000000116e+00	4.893101e+01
6.384200000000116e+00	4.892858e+01
6.384500000000116e+00	4.892616e+01
6.384800000000117e+00	4.892373e+01
6.385100000000117e+00	4.892130e+01
6.385400000000117e+00	4.891888e+01
6.385700000000117e+00	4.891644e+01
6.386000000000117e+00	4.891402e+01
6.386300000000118e+00	4.891160e+01
6.386600000000118e+00	4.890917e+01
6.386900000000118e+00	4.890675e+01
6.387200000000118e+00	4.890432e+01
6.387500000000118e+00	4.890190e+01
6.387800000000118e+00	4.889947e+01
6.388100000000119e+00	4.889705e+01
6.388400000000119e+00	4.889462e+01
6.388700000000119e+00	4.889220e+01
6.389000000000119e+00	4.888978e+01
6.389300000000119e+00	4.888735e+01
6.389600000000120e+00	4.888493e+01
6.389900000000120e+00	4.888250e+01
6.390200000000120e+00	4.888008e+01
6.390500000000120e+00	4.887766e+01
6.390800000000120e+00	4.887523e+01
6.391100000000121e+00	4.887282e+01
6.391400000000121e+00	4.887040e+01
6.391700000000121e+00	4.886797e+01
6.392000000000121e+00	4.886555e+01
6.392300000000121e+00	4.886313e+01
6.392600000000122e+00	4.886071e+01
6.392900000000122e+00	4.885828e+01
6.393200000000122e+00	4.885587e+01
6.393500000000122e+00	4.885345e+01
6.393800000000122e+00	4.885103e+01
6.394100000000122e+00	4.884860e+01
6.394400000000123e+00	4.884618e+01
6.394700000000123e+00	4.884376e+01
6.395000000000123e+00	4.884135e+01
6.395300000000123e+00	4.883892e+01
6.395600000000123e+00	4.883651e+01
6.395900000000124e+00	4.883409e+01
6.396200000000124e+00	4.883167e+01
6.396500000000124e+00	4.882925e+01
6.396800000000124e+00	4.882684e+01
6.397100000000124e+00	4.882442e+01
6.397400000000125e+00	4.882200e+01
6.397700000000125e+00	4.881958e+01
6.398000000000125e+00	4.881717e+01
6.398300000000125e+00	4.881475e+01
6.398600000000125e+00	4.881234e+01
6.398900000000125e+00	4.880992e+01
6.399200000000126e+00	4.880750e+01
6.399500000000126e+00	4.880509e+01
6.399800000000126e+00	4.880267e+01
6.400100000000126e+00	4.880025e+01
6.400400000000126e+00	4.879784e+01
6.400700000000127e+00	4.879543e+01
6.401000000000127e+00	4.879301e+01
6.401300000000127e+00	4.879060e+01
6.401600000000127e+00	4.878818e+01
6.401900000000127e+00	4.878577e+01
6.402200000000128e+00	4.878335e+01
6.402500000000128e+00	4.878094e+01
6.402800000000128e+00	4.877852e+01
6.403100000000128e+00	4.877611e+01
6.403400000000128e+00	4.877370e+01
6.403700000000129e+00	4.877129e+01
6.404000000000129e+00	4.876887e+01
6.404300000000129e+00	4.876646e+01
6.404600000000129e+00	4.876405e+01
6.404900000000129e+00	4.876164e+01
6.405200000000129e+00	4.875922e+01
6.405500000000130e+00	4.875682e+01
6.405800000000130e+00	4.875441e+01
6.406100000000130e+00	4.875200e+01
6.406400000000130e+00	4.874959e+01
6.406700000000130e+00	4.874717e+01
6.407000000000131e+00	4.874476e+01
6.407300000000131e+00	4.874235e+01
6.407600000000131e+00	4.873994e+01
6.407900000000131e+00	4.873754e+01
6.408200000000131e+00	4.873513e+01
6.408500000000132e+00	4.873271e+01
6.408800000000132e+00	4.873031e+01
6.409100000000132e+00	4.872790e+01
6.409400000000132e+00	4.872549e+01
6.409700000000132e+00	4.872308e+01
6.410000000000132e+00	4.872067e+01
6.410300000000133e+00	4.871827e+01
6.410600000000133e+00	4.871586e+01
6.410900000000133e+00	4.871345e+01
6.411200000000133e+00	4.871105e+01
6.411500000000133e+00	4.870864e+01
6.411800000000134e+00	4.870623e+01
6.412100000000134e+00	4.870382e+01
6.412400000000134e+00	4.870142e+01
6.412700000000134e+00	4.869901e+01
6.413000000000134e+00	4.869661e+01
6.413300000000135e+00	4.869420e+01
6.413600000000135e+00	4.869180e+01
6.413900000000135e+00	4.868940e+01
6.414200000000135e+00	4.868699e+01
6.414500000000135e+00	4.868458e+01
6.414800000000136e+00	4.868218e+01
6.415100000000136e+00	4.867978e+01
6.415400000000136e+00	4.867737e+01
6.415700000000136e+00	4.867497e+01
6.416000000000136e+00	4.867257e+01
6.416300000000136e+00	4.867016e+01
6.416600000000137e+00	4.866776e+01
6.416900000000137e+00	4.866536e+01
6.417200000000137e+00	4.866295e+01
6.417500000000137e+00	4.866055e+01
6.417800000000137e+00	4.865815e+01
6.418100000000138e+00	4.865575e+01
6.418400000000138e+00	4.865335e+01
6.418700000000138e+00	4.865094e+01
6.419000000000138e+00	4.864854e+01
6.419300000000138e+00	4.864614e+01
6.419600000000139e+00	4.864374e+01
6.419900000000139e+00	4.864134e+01
6.420200000000139e+00	4.863894e+01
6.420500000000139e+00	4.863654e+01
6.420800000000139e+00	4.863414e+01
6.421100000000139e+00	4.863174e+01
6.421400000000140e+00	4.862934e+01
6.421700000000140e+00	4.862694e+01
6.422000000000140e+00	4.862455e+01
6.422300000000140e+00	4.862214e+01
6.422600000000140e+00	4.861975e+01
6.422900000000141e+00	4.861735e+01
6.423200000000141e+00	4.861495e+01
6.423500000000141e+00	4.861255e+01
6.423800000000141e+00	4.861016e+01
6.424100000000141e+00	4.860776e+01
6.424400000000142e+00	4.860536e+01
6.424700000000142e+00	4.860297e+01
6.425000000000142e+00	4.860057e+01
6.425300000000142e+00	4.859817e+01
6.425600000000142e+00	4.859578e+01
6.425900000000142e+00	4.859338e+01
6.426200000000143e+00	4.859099e+01
6.426500000000143e+00	4.858859e+01
6.426800000000143e+00	4.858619e+01
6.427100000000143e+00	4.858379e+01
6.427400000000143e+00	4.858140e+01
6.427700000000144e+00	4.857901e+01
6.428000000000144e+00	4.857662e+01
6.428300000000144e+00	4.857422e+01
6.428600000000144e+00	4.857183e+01
6.428900000000144e+00	4.856944e+01
6.429200000000145e+00	4.856704e+01
6.429500000000145e+00	4.856465e+01
6.429800000000145e+00	4.856226e+01
6.430100000000145e+00	4.855986e+01
6.430400000000145e+00	4.855747e+01
6.430700000000146e+00	4.855508e+01
6.431000000000146e+00	4.855268e+01
6.431300000000146e+00	4.855029e+01
6.431600000000146e+00	4.854790e+01
6.431900000000146e+00	4.854551e+01
6.432200000000146e+00	4.854311e+01
6.432500000000147e+00	4.854073e+01
6.432800000000147e+00	4.853834e+01
6.433100000000147e+00	4.853595e+01
6.433400000000147e+00	4.853355e+01
6.433700000000147e+00	4.853116e+01
6.434000000000148e+00	4.852877e+01
6.434300000000148e+00	4.852638e+01
6.434600000000148e+00	4.852399e+01
6.434900000000148e+00	4.852161e+01
6.435200000000148e+00	4.851921e+01
6.435500000000149e+00	4.851683e+01
6.435800000000149e+00	4.851444e+01
6.436100000000149e+00	4.851205e+01
6.436400000000149e+00	4.850966e+01
6.436700000000149e+00	4.850728e+01
6.437000000000149e+00	4.850489e+01
6.437300000000150e+00	4.850250e+01
6.437600000000150e+00	4.850012e+01
6.437900000000150e+00	4.849773e+01
6.438200000000150e+00	4.849534e+01
6.438500000000150e+00	4.849295e+01
6.438800000000151e+00	4.849057e+01
6.439100000000151e+00	4.848818e+01
6.439400000000151e+00	4.848579e+01
6.439700000000151e+00	4.848341e+01
6.440000000000151e+00	4.848103e+01
6.440300000000152e+00	4.847864e+01
6.440600000000152e+00	4.847625e+01
6.440900000000152e+00	4.847387e+01
6.441200000000152e+00	4.847148e+01
6.441500000000152e+00	4.846910e+01
6.441800000000153e+00	4.846671e+01
6.442100000000153e+00	4.846433e+01
6.442400000000153e+00	4.846195e+01
6.442700000000153e+00	4.845957e+01
6.443000000000153e+00	4.845718e+01
6.443300000000153e+00	4.845480e+01
6.443600000000154e+00	4.845241e+01
6.443900000000154e+00	4.845003e+01
6.444200000000154e+00	4.844765e+01
6.444500000000154e+00	4.844527e+01
6.444800000000154e+00	4.844289e+01
6.445100000000155e+00	4.844051e+01
6.445400000000155e+00	4.843812e+01
6.445700000000155e+00	4.843574e+01
6.446000000000155e+00	4.843336e+01
6.446300000000155e+00	4.843098e+01
6.446600000000156e+00	4.842860e+01
6.446900000000156e+00	4.842622e+01
6.447200000000156e+00	4.842384e+01
6.447500000000156e+00	4.842146e+01
6.447800000000156e+00	4.841908e+01
6.448100000000156e+00	4.841670e+01
6.448400000000157e+00	4.841432e+01
6.448700000000157e+00	4.841194e+01
6.449000000000157e+00	4.840956e+01
6.449300000000157e+00	4.840719e+01
6.449600000000157e+00	4.840481e+01
6.449900000000158e+00	4.840243e+01
6.450200000000158e+00	4.840005e+01
6.450500000000158e+00	4.839768e+01
6.450800000000158e+00	4.839530e+01
6.451100000000158e+00	4.839292e+01
6.451400000000159e+00	4.839055e+01
6.451700000000159e+00	4.838816e+01
6.452000000000159e+00	4.838579e+01
6.452300000000159e+00	4.838341e+01
6.452600000000159e+00	4.838104e+01
6.452900000000160e+00	4.837866e+01
6.453200000000160e+00	4.837629e+01
6.453500000000160e+00	4.837391e+01
6.453800000000160e+00	4.837153e+01
6.454100000000160e+00	4.836916e+01
6.454400000000160e+00	4.836679e+01
6.454700000000161e+00	4.836441e+01
6.455000000000161e+00	4.836204e+01
6.455300000000161e+00	4.835966e+01
6.455600000000161e+00	4.835729e+01
6.455900000000161e+00	4.835491e+01
6.456200000000162e+00	4.835254e+01
6.456500000000162e+00	4.835016e+01
6.456800000000162e+00	4.834780e+01
6.457100000000162e+00	4.834542e+01
6.457400000000162e+00	4.834305e+01
6.457700000000163e+00	4.834068e+01
6.458000000000163e+00	4.833830e+01
6.458300000000163e+00	4.833593e+01
6.458600000000163e+00	4.833356e+01
6.458900000000163e+00	4.833119e+01
6.459200000000163e+00	4.832882e+01
6.459500000000164e+00	4.832645e+01
6.459800000000164e+00	4.832408e+01
6.460100000000164e+00	4.832171e+01
6.460400000000164e+00	4.831933e+01
6.460700000000164e+00	4.831697e+01
6.461000000000165e+00	4.831460e+01
6.461300000000165e+00	4.831223e+01
6.461600000000165e+00	4.830986e+01
6.461900000000165e+00	4.830749e+01
6.462200000000165e+00	4.830512e+01
6.462500000000166e+00	4.830275e+01
6.462800000000166e+00	4.830038e+01
6.463100000000166e+00	4.829801e+01
6.463400000000166e+00	4.829564e+01
6.463700000000166e+00	4.829328e+01
6.464000000000167e+00	4.829090e+01
6.464300000000167e+00	4.828854e+01
6.464600000000167e+00	4.828617e+01
6.464900000000167e+00	4.828381e+01
6.465200000000167e+00	4.828144e+01
6.465500000000167e+00	4.827907e+01
6.465800000000168e+00	4.827671e+01
6.466100000000168e+00	4.827434e+01
6.466400000000168e+00	4.827197e+01
6.466700000000168e+00	4.826961e+01
6.467000000000168e+00	4.826725e+01
6.467300000000169e+00	4.826488e+01
6.467600000000169e+00	4.826252e+01
6.467900000000169e+00	4.826015e+01
6.468200000000169e+00	4.825778e+01
6.468500000000169e+00	4.825542e+01
6.468800000000170e+00	4.825305e+01
6.469100000000170e+00	4.825069e+01
6.469400000000170e+00	4.824833e+01
6.469700000000170e+00	4.824596e+01
6.470000000000170e+00	4.824360e+01
6.470300000000170e+00	4.824124e+01
6.470600000000171e+00	4.823887e+01
6.470900000000171e+00	4.823651e+01
6.471200000000171e+00	4.823415e+01
6.471500000000171e+00	4.823178e+01
6.471800000000171e+00	4.822943e+01
6.472100000000172e+00	4.822707e+01
6.472400000000172e+00	4.822470e+01
6.472700000000172e+00	4.822234e+01
6.473000000000172e+00	4.821998e+01
6.473300000000172e+00	4.821762e+01
6.473600000000173e+00	4.821526e+01
6.473900000000173e+00	4.821290e+01
6.474200000000173e+00	4.821054e+01
6.474500000000173e+00	4.820818e+01
6.474800000000173e+00	4.820582e+01
6.475100000000173e+00	4.820346e+01
6.475400000000174e+00	4.820110e+01
6.475700000000174e+00	4.819874e+01
6.476000000000174e+00	4.819638e+01
6.476300000000174e+00	4.819403e+01
6.476600000000174e+00	4.819166e+01
6.476900000000175e+00	4.818931e+01
6.477200000000175e+00	4.818695e+01
6.477500000000175e+00	4.818459e+01
6.477800000000175e+00	4.818223e+01
6.478100000000175e+00	4.817988e+01
6.478400000000176e+00	4.817751e+01
6.478700000000176e+00	4.817516e+01
6.479000000000176e+00	4.817281e+01
6.479300000000176e+00	4.817045e+01
6.479600000000176e+00	4.816809e+01
6.479900000000177e+00	4.816574e+01
6.480200000000177e+00	4.816338e+01
6.480500000000177e+00	4.816102e+01
6.480800000000177e+00	4.815867e+01
6.481100000000177e+00	4.815631e+01
6.481400000000177e+00	4.815396e+01
6.481700000000178e+00	4.815161e+01
6.482000000000178e+00	4.814925e+01
6.482300000000178e+00	4.814690e+01
6.482600000000178e+00	4.814454e+01
6.482900000000178e+00	4.814219e+01
6.483200000000179e+00	4.813983e+01
6.483500000000179e+00	4.813748e+01
6.483800000000179e+00	4.813513e+01
6.484100000000179e+00	4.813278e+01
6.484400000000179e+00	4.813042e+01
6.484700000000180e+00	4.812807e+01
6.485000000000180e+00	4.812572e+01
6.485300000000180e+00	4.812336e+01
6.485600000000180e+00	4.812101e+01
6.485900000000180e+00	4.811866e+01
6.486200000000180e+00	4.811631e+01
6.486500000000181e+00	4.811396e+01
6.486800000000181e+00	4.811161e+01
6.487100000000181e+00	4.810925e+01
6.487400000000181e+00	4.810691e+01
6.487700000000181e+00	4.810456e+01
6.488000000000182e+00	4.810220e+01
6.488300000000182e+00	4.809986e+01
6.488600000000182e+00	4.809751e+01
6.488900000000182e+00	4.809516e+01
6.489200000000182e+00	4.809281e+01
6.489500000000183e+00	4.809046e+01
6.489800000000183e+00	4.808811e+01
6.490100000000183e+00	4.808576e+01
6.490400000000183e+00	4.808341e+01
6.490700000000183e+00	4.808107e+01
6.491000000000184e+00	4.807871e+01
6.491300000000184e+00	4.807637e+01
6.491600000000184e+00	4.807402e+01
6.491900000000184e+00	4.807168e+01
6.492200000000184e+00	4.806933e+01
6.492500000000184e+00	4.806698e+01
6.492800000000185e+00	4.806463e+01
6.493100000000185e+00	4.806228e+01
6.493400000000185e+00	4.805994e+01
6.493700000000185e+00	4.805759e+01
6.494000000000185e+00	4.805525e+01
6.494300000000186e+00	4.805291e+01
6.494600000000186e+00	4.805056e+01
6.494900000000186e+00	4.804821e+01
6.495200000000186e+00	4.804587e+01
6.495500000000186e+00	4.804352e+01
6.495800000000187e+00	4.804118e+01
6.496100000000187e+00	4.803883e+01
6.496400000000187e+00	4.803649e+01
6.496700000000187e+00	4.803415e+01
6.497000000000187e+00	4.803180e+01
6.497300000000187e+00	4.802946e+01
6.497600000000188e+00	4.802712e+01
6.497900000000188e+00	4.802477e+01
6.498200000000188e+00	4.802243e+01
6.498500000000188e+00	4.802009e+01
6.498800000000188e+00	4.801775e+01
6.499100000000189e+00	4.801540e+01
6.499400000000189e+00	4.801306e+01
6.499700000000189e+00	4.801072e+01
6.500000000000000e+00	4.800838e+01
