vin	-100*((V(V2s)*I(RL))/(V(Vpos)*I(VIN)))
6.200000000000000e+00	7.753727e+01
6.200300000000000e+00	7.753337e+01
6.200600000000001e+00	7.752949e+01
6.200900000000001e+00	7.752561e+01
6.201200000000001e+00	7.752173e+01
6.201500000000001e+00	7.751784e+01
6.201800000000001e+00	7.751395e+01
6.202100000000002e+00	7.751006e+01
6.202400000000002e+00	7.750618e+01
6.202700000000002e+00	7.750229e+01
6.203000000000002e+00	7.749841e+01
6.203300000000002e+00	7.749452e+01
6.203600000000002e+00	7.749064e+01
6.203900000000003e+00	7.748676e+01
6.204200000000003e+00	7.748288e+01
6.204500000000003e+00	7.747899e+01
6.204800000000003e+00	7.747511e+01
6.205100000000003e+00	7.747122e+01
6.205400000000004e+00	7.746735e+01
6.205700000000004e+00	7.746347e+01
6.206000000000004e+00	7.745959e+01
6.206300000000004e+00	7.745570e+01
6.206600000000004e+00	7.745182e+01
6.206900000000005e+00	7.744795e+01
6.207200000000005e+00	7.744407e+01
6.207500000000005e+00	7.744019e+01
6.207800000000005e+00	7.743631e+01
6.208100000000005e+00	7.743243e+01
6.208400000000005e+00	7.742856e+01
6.208700000000006e+00	7.742467e+01
6.209000000000006e+00	7.742080e+01
6.209300000000006e+00	7.741692e+01
6.209600000000006e+00	7.741305e+01
6.209900000000006e+00	7.740918e+01
6.210200000000007e+00	7.740531e+01
6.210500000000007e+00	7.740143e+01
6.210800000000007e+00	7.739755e+01
6.211100000000007e+00	7.739367e+01
6.211400000000007e+00	7.738981e+01
6.211700000000008e+00	7.738593e+01
6.212000000000008e+00	7.738206e+01
6.212300000000008e+00	7.737819e+01
6.212600000000008e+00	7.737431e+01
6.212900000000008e+00	7.737043e+01
6.213200000000008e+00	7.736657e+01
6.213500000000009e+00	7.736269e+01
6.213800000000009e+00	7.735883e+01
6.214100000000009e+00	7.735495e+01
6.214400000000009e+00	7.735109e+01
6.214700000000009e+00	7.734722e+01
6.215000000000010e+00	7.734334e+01
6.215300000000010e+00	7.733948e+01
6.215600000000010e+00	7.733560e+01
6.215900000000010e+00	7.733174e+01
6.216200000000010e+00	7.732786e+01
6.216500000000011e+00	7.732401e+01
6.216800000000011e+00	7.732014e+01
6.217100000000011e+00	7.731627e+01
6.217400000000011e+00	7.731240e+01
6.217700000000011e+00	7.730854e+01
6.218000000000012e+00	7.730467e+01
6.218300000000012e+00	7.730081e+01
6.218600000000012e+00	7.729694e+01
6.218900000000012e+00	7.729308e+01
6.219200000000012e+00	7.728921e+01
6.219500000000012e+00	7.728535e+01
6.219800000000013e+00	7.728149e+01
6.220100000000013e+00	7.727763e+01
6.220400000000013e+00	7.727376e+01
6.220700000000013e+00	7.726989e+01
6.221000000000013e+00	7.726603e+01
6.221300000000014e+00	7.726218e+01
6.221600000000014e+00	7.725832e+01
6.221900000000014e+00	7.725445e+01
6.222200000000014e+00	7.725059e+01
6.222500000000014e+00	7.724673e+01
6.222800000000015e+00	7.724287e+01
6.223100000000015e+00	7.723901e+01
6.223400000000015e+00	7.723516e+01
6.223700000000015e+00	7.723130e+01
6.224000000000015e+00	7.722744e+01
6.224300000000015e+00	7.722358e+01
6.224600000000016e+00	7.721971e+01
6.224900000000016e+00	7.721587e+01
6.225200000000016e+00	7.721200e+01
6.225500000000016e+00	7.720815e+01
6.225800000000016e+00	7.720429e+01
6.226100000000017e+00	7.720044e+01
6.226400000000017e+00	7.719658e+01
6.226700000000017e+00	7.719273e+01
6.227000000000017e+00	7.718887e+01
6.227300000000017e+00	7.718503e+01
6.227600000000018e+00	7.718117e+01
6.227900000000018e+00	7.717731e+01
6.228200000000018e+00	7.717346e+01
6.228500000000018e+00	7.716961e+01
6.228800000000018e+00	7.716576e+01
6.229100000000019e+00	7.716189e+01
6.229400000000019e+00	7.715805e+01
6.229700000000019e+00	7.715420e+01
6.230000000000019e+00	7.715035e+01
6.230300000000019e+00	7.714650e+01
6.230600000000019e+00	7.714265e+01
6.230900000000020e+00	7.713880e+01
6.231200000000020e+00	7.713494e+01
6.231500000000020e+00	7.713110e+01
6.231800000000020e+00	7.712725e+01
6.232100000000020e+00	7.712341e+01
6.232400000000021e+00	7.711956e+01
6.232700000000021e+00	7.711571e+01
6.233000000000021e+00	7.711186e+01
6.233300000000021e+00	7.710802e+01
6.233600000000021e+00	7.710416e+01
6.233900000000022e+00	7.710033e+01
6.234200000000022e+00	7.709648e+01
6.234500000000022e+00	7.709263e+01
6.234800000000022e+00	7.708878e+01
6.235100000000022e+00	7.708494e+01
6.235400000000022e+00	7.708109e+01
6.235700000000023e+00	7.707725e+01
6.236000000000023e+00	7.707341e+01
6.236300000000023e+00	7.706957e+01
6.236600000000023e+00	7.706572e+01
6.236900000000023e+00	7.706188e+01
6.237200000000024e+00	7.705805e+01
6.237500000000024e+00	7.705419e+01
6.237800000000024e+00	7.705036e+01
6.238100000000024e+00	7.704652e+01
6.238400000000024e+00	7.704267e+01
6.238700000000025e+00	7.703883e+01
6.239000000000025e+00	7.703500e+01
6.239300000000025e+00	7.703116e+01
6.239600000000025e+00	7.702732e+01
6.239900000000025e+00	7.702348e+01
6.240200000000026e+00	7.701964e+01
6.240500000000026e+00	7.701579e+01
6.240800000000026e+00	7.701197e+01
6.241100000000026e+00	7.700813e+01
6.241400000000026e+00	7.700429e+01
6.241700000000026e+00	7.700045e+01
6.242000000000027e+00	7.699662e+01
6.242300000000027e+00	7.699278e+01
6.242600000000027e+00	7.698895e+01
6.242900000000027e+00	7.698511e+01
6.243200000000027e+00	7.698127e+01
6.243500000000028e+00	7.697744e+01
6.243800000000028e+00	7.697360e+01
6.244100000000028e+00	7.696977e+01
6.244400000000028e+00	7.696594e+01
6.244700000000028e+00	7.696211e+01
6.245000000000029e+00	7.695827e+01
6.245300000000029e+00	7.695444e+01
6.245600000000029e+00	7.695061e+01
6.245900000000029e+00	7.694677e+01
6.246200000000029e+00	7.694295e+01
6.246500000000029e+00	7.693912e+01
6.246800000000030e+00	7.693529e+01
6.247100000000030e+00	7.693146e+01
6.247400000000030e+00	7.692764e+01
6.247700000000030e+00	7.692380e+01
6.248000000000030e+00	7.691998e+01
6.248300000000031e+00	7.691615e+01
6.248600000000031e+00	7.691231e+01
6.248900000000031e+00	7.690849e+01
6.249200000000031e+00	7.690465e+01
6.249500000000031e+00	7.690084e+01
6.249800000000032e+00	7.689701e+01
6.250100000000032e+00	7.689319e+01
6.250400000000032e+00	7.688935e+01
6.250700000000032e+00	7.688553e+01
6.251000000000032e+00	7.688170e+01
6.251300000000032e+00	7.687788e+01
6.251600000000033e+00	7.687407e+01
6.251900000000033e+00	7.687023e+01
6.252200000000033e+00	7.686641e+01
6.252500000000033e+00	7.686258e+01
6.252800000000033e+00	7.685876e+01
6.253100000000034e+00	7.685493e+01
6.253400000000034e+00	7.685112e+01
6.253700000000034e+00	7.684730e+01
6.254000000000034e+00	7.684347e+01
6.254300000000034e+00	7.683965e+01
6.254600000000035e+00	7.683583e+01
6.254900000000035e+00	7.683201e+01
6.255200000000035e+00	7.682819e+01
6.255500000000035e+00	7.682438e+01
6.255800000000035e+00	7.682056e+01
6.256100000000036e+00	7.681673e+01
6.256400000000036e+00	7.681291e+01
6.256700000000036e+00	7.680909e+01
6.257000000000036e+00	7.680528e+01
6.257300000000036e+00	7.680146e+01
6.257600000000036e+00	7.679765e+01
6.257900000000037e+00	7.679383e+01
6.258200000000037e+00	7.679001e+01
6.258500000000037e+00	7.678619e+01
6.258800000000037e+00	7.678238e+01
6.259100000000037e+00	7.677857e+01
6.259400000000038e+00	7.677476e+01
6.259700000000038e+00	7.677094e+01
6.260000000000038e+00	7.676712e+01
6.260300000000038e+00	7.676330e+01
6.260600000000038e+00	7.675950e+01
6.260900000000039e+00	7.675568e+01
6.261200000000039e+00	7.675187e+01
6.261500000000039e+00	7.674806e+01
6.261800000000039e+00	7.674425e+01
6.262100000000039e+00	7.674044e+01
6.262400000000039e+00	7.673663e+01
6.262700000000040e+00	7.673281e+01
6.263000000000040e+00	7.672900e+01
6.263300000000040e+00	7.672519e+01
6.263600000000040e+00	7.672138e+01
6.263900000000040e+00	7.671758e+01
6.264200000000041e+00	7.671376e+01
6.264500000000041e+00	7.670996e+01
6.264800000000041e+00	7.670614e+01
6.265100000000041e+00	7.670233e+01
6.265400000000041e+00	7.669852e+01
6.265700000000042e+00	7.669473e+01
6.266000000000042e+00	7.669093e+01
6.266300000000042e+00	7.668711e+01
6.266600000000042e+00	7.668330e+01
6.266900000000042e+00	7.667949e+01
6.267200000000043e+00	7.667568e+01
6.267500000000043e+00	7.667189e+01
6.267800000000043e+00	7.666809e+01
6.268100000000043e+00	7.666429e+01
6.268400000000043e+00	7.666047e+01
6.268700000000043e+00	7.665667e+01
6.269000000000044e+00	7.665287e+01
6.269300000000044e+00	7.664906e+01
6.269600000000044e+00	7.664527e+01
6.269900000000044e+00	7.664146e+01
6.270200000000044e+00	7.663766e+01
6.270500000000045e+00	7.663385e+01
6.270800000000045e+00	7.663006e+01
6.271100000000045e+00	7.662626e+01
6.271400000000045e+00	7.662245e+01
6.271700000000045e+00	7.661866e+01
6.272000000000046e+00	7.661486e+01
6.272300000000046e+00	7.661106e+01
6.272600000000046e+00	7.660726e+01
6.272900000000046e+00	7.660346e+01
6.273200000000046e+00	7.659966e+01
6.273500000000046e+00	7.659586e+01
6.273800000000047e+00	7.659207e+01
6.274100000000047e+00	7.658828e+01
6.274400000000047e+00	7.658448e+01
6.274700000000047e+00	7.658068e+01
6.275000000000047e+00	7.657688e+01
6.275300000000048e+00	7.657308e+01
6.275600000000048e+00	7.656928e+01
6.275900000000048e+00	7.656551e+01
6.276200000000048e+00	7.656171e+01
6.276500000000048e+00	7.655791e+01
6.276800000000049e+00	7.655411e+01
6.277100000000049e+00	7.655032e+01
6.277400000000049e+00	7.654652e+01
6.277700000000049e+00	7.654274e+01
6.278000000000049e+00	7.653895e+01
6.278300000000050e+00	7.653515e+01
6.278600000000050e+00	7.653136e+01
6.278900000000050e+00	7.652756e+01
6.279200000000050e+00	7.652378e+01
6.279500000000050e+00	7.651999e+01
6.279800000000050e+00	7.651620e+01
6.280100000000051e+00	7.651241e+01
6.280400000000051e+00	7.650862e+01
6.280700000000051e+00	7.650483e+01
6.281000000000051e+00	7.650104e+01
6.281300000000051e+00	7.649725e+01
6.281600000000052e+00	7.649346e+01
6.281900000000052e+00	7.648968e+01
6.282200000000052e+00	7.648589e+01
6.282500000000052e+00	7.648210e+01
6.282800000000052e+00	7.647832e+01
6.283100000000053e+00	7.647453e+01
6.283400000000053e+00	7.647074e+01
6.283700000000053e+00	7.646695e+01
6.284000000000053e+00	7.646317e+01
6.284300000000053e+00	7.645940e+01
6.284600000000053e+00	7.645561e+01
6.284900000000054e+00	7.645182e+01
6.285200000000054e+00	7.644803e+01
6.285500000000054e+00	7.644425e+01
6.285800000000054e+00	7.644046e+01
6.286100000000054e+00	7.643669e+01
6.286400000000055e+00	7.643291e+01
6.286700000000055e+00	7.642913e+01
6.287000000000055e+00	7.642534e+01
6.287300000000055e+00	7.642156e+01
6.287600000000055e+00	7.641779e+01
6.287900000000056e+00	7.641400e+01
6.288200000000056e+00	7.641022e+01
6.288500000000056e+00	7.640645e+01
6.288800000000056e+00	7.640266e+01
6.289100000000056e+00	7.639888e+01
6.289400000000057e+00	7.639511e+01
6.289700000000057e+00	7.639133e+01
6.290000000000057e+00	7.638755e+01
6.290300000000057e+00	7.638377e+01
6.290600000000057e+00	7.638000e+01
6.290900000000057e+00	7.637621e+01
6.291200000000058e+00	7.637245e+01
6.291500000000058e+00	7.636866e+01
6.291800000000058e+00	7.636489e+01
6.292100000000058e+00	7.636111e+01
6.292400000000058e+00	7.635733e+01
6.292700000000059e+00	7.635358e+01
6.293000000000059e+00	7.634979e+01
6.293300000000059e+00	7.634602e+01
6.293600000000059e+00	7.634224e+01
6.293900000000059e+00	7.633847e+01
6.294200000000060e+00	7.633469e+01
6.294500000000060e+00	7.633092e+01
6.294800000000060e+00	7.632716e+01
6.295100000000060e+00	7.632338e+01
6.295400000000060e+00	7.631961e+01
6.295700000000060e+00	7.631583e+01
6.296000000000061e+00	7.631207e+01
6.296300000000061e+00	7.630830e+01
6.296600000000061e+00	7.630452e+01
6.296900000000061e+00	7.630077e+01
6.297200000000061e+00	7.629699e+01
6.297500000000062e+00	7.629322e+01
6.297800000000062e+00	7.628945e+01
6.298100000000062e+00	7.628569e+01
6.298400000000062e+00	7.628192e+01
6.298700000000062e+00	7.627814e+01
6.299000000000063e+00	7.627439e+01
6.299300000000063e+00	7.627062e+01
6.299600000000063e+00	7.626685e+01
6.299900000000063e+00	7.626308e+01
6.300200000000063e+00	7.625932e+01
6.300500000000063e+00	7.625555e+01
6.300800000000064e+00	7.625178e+01
6.301100000000064e+00	7.624803e+01
6.301400000000064e+00	7.624426e+01
6.301700000000064e+00	7.624050e+01
6.302000000000064e+00	7.623673e+01
6.302300000000065e+00	7.623297e+01
6.302600000000065e+00	7.622921e+01
6.302900000000065e+00	7.622544e+01
6.303200000000065e+00	7.622168e+01
6.303500000000065e+00	7.621792e+01
6.303800000000066e+00	7.621416e+01
6.304100000000066e+00	7.621039e+01
6.304400000000066e+00	7.620664e+01
6.304700000000066e+00	7.620288e+01
6.305000000000066e+00	7.619911e+01
6.305300000000067e+00	7.619535e+01
6.305600000000067e+00	7.619160e+01
6.305900000000067e+00	7.618784e+01
6.306200000000067e+00	7.618408e+01
6.306500000000067e+00	7.618033e+01
6.306800000000067e+00	7.617657e+01
6.307100000000068e+00	7.617280e+01
6.307400000000068e+00	7.616904e+01
6.307700000000068e+00	7.616530e+01
6.308000000000068e+00	7.616154e+01
6.308300000000068e+00	7.615778e+01
6.308600000000069e+00	7.615403e+01
6.308900000000069e+00	7.615027e+01
6.309200000000069e+00	7.614651e+01
6.309500000000069e+00	7.614276e+01
6.309800000000069e+00	7.613901e+01
6.310100000000070e+00	7.613526e+01
6.310400000000070e+00	7.613150e+01
6.310700000000070e+00	7.612775e+01
6.311000000000070e+00	7.612400e+01
6.311300000000070e+00	7.612024e+01
6.311600000000070e+00	7.611649e+01
6.311900000000071e+00	7.611274e+01
6.312200000000071e+00	7.610899e+01
6.312500000000071e+00	7.610524e+01
6.312800000000071e+00	7.610149e+01
6.313100000000071e+00	7.609774e+01
6.313400000000072e+00	7.609399e+01
6.313700000000072e+00	7.609023e+01
6.314000000000072e+00	7.608649e+01
6.314300000000072e+00	7.608275e+01
6.314600000000072e+00	7.607900e+01
6.314900000000073e+00	7.607524e+01
6.315200000000073e+00	7.607150e+01
6.315500000000073e+00	7.606774e+01
6.315800000000073e+00	7.606399e+01
6.316100000000073e+00	7.606026e+01
6.316400000000074e+00	7.605652e+01
6.316700000000074e+00	7.605277e+01
6.317000000000074e+00	7.604901e+01
6.317300000000074e+00	7.604527e+01
6.317600000000074e+00	7.604153e+01
6.317900000000074e+00	7.603778e+01
6.318200000000075e+00	7.603404e+01
6.318500000000075e+00	7.603030e+01
6.318800000000075e+00	7.602655e+01
6.319100000000075e+00	7.602280e+01
6.319400000000075e+00	7.601907e+01
6.319700000000076e+00	7.601532e+01
6.320000000000076e+00	7.601158e+01
6.320300000000076e+00	7.600783e+01
6.320600000000076e+00	7.600410e+01
6.320900000000076e+00	7.600036e+01
6.321200000000077e+00	7.599662e+01
6.321500000000077e+00	7.599288e+01
6.321800000000077e+00	7.598913e+01
6.322100000000077e+00	7.598539e+01
6.322400000000077e+00	7.598165e+01
6.322700000000077e+00	7.597793e+01
6.323000000000078e+00	7.597419e+01
6.323300000000078e+00	7.597044e+01
6.323600000000078e+00	7.596671e+01
6.323900000000078e+00	7.596296e+01
6.324200000000078e+00	7.595923e+01
6.324500000000079e+00	7.595549e+01
6.324800000000079e+00	7.595176e+01
6.325100000000079e+00	7.594803e+01
6.325400000000079e+00	7.594428e+01
6.325700000000079e+00	7.594055e+01
6.326000000000080e+00	7.593681e+01
6.326300000000080e+00	7.593308e+01
6.326600000000080e+00	7.592934e+01
6.326900000000080e+00	7.592561e+01
6.327200000000080e+00	7.592188e+01
6.327500000000081e+00	7.591815e+01
6.327800000000081e+00	7.591442e+01
6.328100000000081e+00	7.591068e+01
6.328400000000081e+00	7.590695e+01
6.328700000000081e+00	7.590321e+01
6.329000000000081e+00	7.589948e+01
6.329300000000082e+00	7.589576e+01
6.329600000000082e+00	7.589203e+01
6.329900000000082e+00	7.588830e+01
6.330200000000082e+00	7.588456e+01
6.330500000000082e+00	7.588083e+01
6.330800000000083e+00	7.587711e+01
6.331100000000083e+00	7.587338e+01
6.331400000000083e+00	7.586966e+01
6.331700000000083e+00	7.586592e+01
6.332000000000083e+00	7.586220e+01
6.332300000000084e+00	7.585846e+01
6.332600000000084e+00	7.585474e+01
6.332900000000084e+00	7.585101e+01
6.333200000000084e+00	7.584729e+01
6.333500000000084e+00	7.584356e+01
6.333800000000084e+00	7.583983e+01
6.334100000000085e+00	7.583612e+01
6.334400000000085e+00	7.583238e+01
6.334700000000085e+00	7.582866e+01
6.335000000000085e+00	7.582493e+01
6.335300000000085e+00	7.582120e+01
6.335600000000086e+00	7.581749e+01
6.335900000000086e+00	7.581377e+01
6.336200000000086e+00	7.581004e+01
6.336500000000086e+00	7.580632e+01
6.336800000000086e+00	7.580259e+01
6.337100000000087e+00	7.579887e+01
6.337400000000087e+00	7.579515e+01
6.337700000000087e+00	7.579144e+01
6.338000000000087e+00	7.578772e+01
6.338300000000087e+00	7.578399e+01
6.338600000000087e+00	7.578027e+01
6.338900000000088e+00	7.577654e+01
6.339200000000088e+00	7.577283e+01
6.339500000000088e+00	7.576911e+01
6.339800000000088e+00	7.576540e+01
6.340100000000088e+00	7.576168e+01
6.340400000000089e+00	7.575796e+01
6.340700000000089e+00	7.575424e+01
6.341000000000089e+00	7.575052e+01
6.341300000000089e+00	7.574681e+01
6.341600000000089e+00	7.574309e+01
6.341900000000090e+00	7.573938e+01
6.342200000000090e+00	7.573566e+01
6.342500000000090e+00	7.573195e+01
6.342800000000090e+00	7.572823e+01
6.343100000000090e+00	7.572451e+01
6.343400000000091e+00	7.572080e+01
6.343700000000091e+00	7.571708e+01
6.344000000000091e+00	7.571338e+01
6.344300000000091e+00	7.570967e+01
6.344600000000091e+00	7.570595e+01
6.344900000000091e+00	7.570223e+01
6.345200000000092e+00	7.569851e+01
6.345500000000092e+00	7.569480e+01
6.345800000000092e+00	7.569110e+01
6.346100000000092e+00	7.568740e+01
6.346400000000092e+00	7.568368e+01
6.346700000000093e+00	7.567996e+01
6.347000000000093e+00	7.567625e+01
6.347300000000093e+00	7.567254e+01
6.347600000000093e+00	7.566884e+01
6.347900000000093e+00	7.566512e+01
6.348200000000094e+00	7.566142e+01
6.348500000000094e+00	7.565771e+01
6.348800000000094e+00	7.565399e+01
6.349100000000094e+00	7.565030e+01
6.349400000000094e+00	7.564658e+01
6.349700000000094e+00	7.564288e+01
6.350000000000095e+00	7.563917e+01
6.350300000000095e+00	7.563546e+01
6.350600000000095e+00	7.563177e+01
6.350900000000095e+00	7.562805e+01
6.351200000000095e+00	7.562435e+01
6.351500000000096e+00	7.562064e+01
6.351800000000096e+00	7.561694e+01
6.352100000000096e+00	7.561323e+01
6.352400000000096e+00	7.560954e+01
6.352700000000096e+00	7.560583e+01
6.353000000000097e+00	7.560212e+01
6.353300000000097e+00	7.559842e+01
6.353600000000097e+00	7.559471e+01
6.353900000000097e+00	7.559102e+01
6.354200000000097e+00	7.558732e+01
6.354500000000098e+00	7.558362e+01
6.354800000000098e+00	7.557991e+01
6.355100000000098e+00	7.557621e+01
6.355400000000098e+00	7.557251e+01
6.355700000000098e+00	7.556881e+01
6.356000000000098e+00	7.556512e+01
6.356300000000099e+00	7.556141e+01
6.356600000000099e+00	7.555771e+01
6.356900000000099e+00	7.555401e+01
6.357200000000099e+00	7.555032e+01
6.357500000000099e+00	7.554662e+01
6.357800000000100e+00	7.554292e+01
6.358100000000100e+00	7.553923e+01
6.358400000000100e+00	7.553552e+01
6.358700000000100e+00	7.553182e+01
6.359000000000100e+00	7.552813e+01
6.359300000000101e+00	7.552444e+01
6.359600000000101e+00	7.552075e+01
6.359900000000101e+00	7.551705e+01
6.360200000000101e+00	7.551335e+01
6.360500000000101e+00	7.550966e+01
6.360800000000101e+00	7.550596e+01
6.361100000000102e+00	7.550227e+01
6.361400000000102e+00	7.549858e+01
6.361700000000102e+00	7.549489e+01
6.362000000000102e+00	7.549119e+01
6.362300000000102e+00	7.548751e+01
6.362600000000103e+00	7.548381e+01
6.362900000000103e+00	7.548011e+01
6.363200000000103e+00	7.547642e+01
6.363500000000103e+00	7.547273e+01
6.363800000000103e+00	7.546905e+01
6.364100000000104e+00	7.546536e+01
6.364400000000104e+00	7.546166e+01
6.364700000000104e+00	7.545797e+01
6.365000000000104e+00	7.545428e+01
6.365300000000104e+00	7.545059e+01
6.365600000000105e+00	7.544691e+01
6.365900000000105e+00	7.544323e+01
6.366200000000105e+00	7.543953e+01
6.366500000000105e+00	7.543584e+01
6.366800000000105e+00	7.543216e+01
6.367100000000105e+00	7.542847e+01
6.367400000000106e+00	7.542478e+01
6.367700000000106e+00	7.542110e+01
6.368000000000106e+00	7.541742e+01
6.368300000000106e+00	7.541373e+01
6.368600000000106e+00	7.541004e+01
6.368900000000107e+00	7.540636e+01
6.369200000000107e+00	7.540267e+01
6.369500000000107e+00	7.539899e+01
6.369800000000107e+00	7.539530e+01
6.370100000000107e+00	7.539162e+01
6.370400000000108e+00	7.538795e+01
6.370700000000108e+00	7.538426e+01
6.371000000000108e+00	7.538058e+01
6.371300000000108e+00	7.537689e+01
6.371600000000108e+00	7.537321e+01
6.371900000000108e+00	7.536952e+01
6.372200000000109e+00	7.536585e+01
6.372500000000109e+00	7.536217e+01
6.372800000000109e+00	7.535849e+01
6.373100000000109e+00	7.535481e+01
6.373400000000109e+00	7.535112e+01
6.373700000000110e+00	7.534745e+01
6.374000000000110e+00	7.534377e+01
6.374300000000110e+00	7.534009e+01
6.374600000000110e+00	7.533642e+01
6.374900000000110e+00	7.533273e+01
6.375200000000111e+00	7.532906e+01
6.375500000000111e+00	7.532538e+01
6.375800000000111e+00	7.532171e+01
6.376100000000111e+00	7.531802e+01
6.376400000000111e+00	7.531435e+01
6.376700000000112e+00	7.531068e+01
6.377000000000112e+00	7.530701e+01
6.377300000000112e+00	7.530333e+01
6.377600000000112e+00	7.529965e+01
6.377900000000112e+00	7.529598e+01
6.378200000000112e+00	7.529230e+01
6.378500000000113e+00	7.528863e+01
6.378800000000113e+00	7.528497e+01
6.379100000000113e+00	7.528129e+01
6.379400000000113e+00	7.527762e+01
6.379700000000113e+00	7.527393e+01
6.380000000000114e+00	7.527026e+01
6.380300000000114e+00	7.526660e+01
6.380600000000114e+00	7.526292e+01
6.380900000000114e+00	7.525926e+01
6.381200000000114e+00	7.525559e+01
6.381500000000115e+00	7.525192e+01
6.381800000000115e+00	7.524825e+01
6.382100000000115e+00	7.524457e+01
6.382400000000115e+00	7.524090e+01
6.382700000000115e+00	7.523723e+01
6.383000000000115e+00	7.523357e+01
6.383300000000116e+00	7.522990e+01
6.383600000000116e+00	7.522624e+01
6.383900000000116e+00	7.522257e+01
6.384200000000116e+00	7.521889e+01
6.384500000000116e+00	7.521523e+01
6.384800000000117e+00	7.521156e+01
6.385100000000117e+00	7.520791e+01
6.385400000000117e+00	7.520424e+01
6.385700000000117e+00	7.520057e+01
6.386000000000117e+00	7.519690e+01
6.386300000000118e+00	7.519323e+01
6.386600000000118e+00	7.518957e+01
6.386900000000118e+00	7.518591e+01
6.387200000000118e+00	7.518226e+01
6.387500000000118e+00	7.517859e+01
6.387800000000118e+00	7.517492e+01
6.388100000000119e+00	7.517126e+01
6.388400000000119e+00	7.516760e+01
6.388700000000119e+00	7.516394e+01
6.389000000000119e+00	7.516027e+01
6.389300000000119e+00	7.515661e+01
6.389600000000120e+00	7.515295e+01
6.389900000000120e+00	7.514928e+01
6.390200000000120e+00	7.514563e+01
6.390500000000120e+00	7.514197e+01
6.390800000000120e+00	7.513831e+01
6.391100000000121e+00	7.513465e+01
6.391400000000121e+00	7.513099e+01
6.391700000000121e+00	7.512735e+01
6.392000000000121e+00	7.512368e+01
6.392300000000121e+00	7.512002e+01
6.392600000000122e+00	7.511636e+01
6.392900000000122e+00	7.511270e+01
6.393200000000122e+00	7.510904e+01
6.393500000000122e+00	7.510540e+01
6.393800000000122e+00	7.510174e+01
6.394100000000122e+00	7.509808e+01
6.394400000000123e+00	7.509443e+01
6.394700000000123e+00	7.509077e+01
6.395000000000123e+00	7.508712e+01
6.395300000000123e+00	7.508346e+01
6.395600000000123e+00	7.507980e+01
6.395900000000124e+00	7.507616e+01
6.396200000000124e+00	7.507250e+01
6.396500000000124e+00	7.506885e+01
6.396800000000124e+00	7.506520e+01
6.397100000000124e+00	7.506155e+01
6.397400000000125e+00	7.505789e+01
6.397700000000125e+00	7.505423e+01
6.398000000000125e+00	7.505059e+01
6.398300000000125e+00	7.504694e+01
6.398600000000125e+00	7.504329e+01
6.398900000000125e+00	7.503964e+01
6.399200000000126e+00	7.503599e+01
6.399500000000126e+00	7.503234e+01
6.399800000000126e+00	7.502868e+01
6.400100000000126e+00	7.502504e+01
6.400400000000126e+00	7.502139e+01
6.400700000000127e+00	7.501775e+01
6.401000000000127e+00	7.501409e+01
6.401300000000127e+00	7.501045e+01
6.401600000000127e+00	7.500681e+01
6.401900000000127e+00	7.500315e+01
6.402200000000128e+00	7.499950e+01
6.402500000000128e+00	7.499586e+01
6.402800000000128e+00	7.499222e+01
6.403100000000128e+00	7.498857e+01
6.403400000000128e+00	7.498493e+01
6.403700000000129e+00	7.498128e+01
6.404000000000129e+00	7.497763e+01
6.404300000000129e+00	7.497399e+01
6.404600000000129e+00	7.497035e+01
6.404900000000129e+00	7.496671e+01
6.405200000000129e+00	7.496307e+01
6.405500000000130e+00	7.495942e+01
6.405800000000130e+00	7.495578e+01
6.406100000000130e+00	7.495213e+01
6.406400000000130e+00	7.494849e+01
6.406700000000130e+00	7.494486e+01
6.407000000000131e+00	7.494122e+01
6.407300000000131e+00	7.493757e+01
6.407600000000131e+00	7.493393e+01
6.407900000000131e+00	7.493029e+01
6.408200000000131e+00	7.492666e+01
6.408500000000132e+00	7.492301e+01
6.408800000000132e+00	7.491937e+01
6.409100000000132e+00	7.491574e+01
6.409400000000132e+00	7.491210e+01
6.409700000000132e+00	7.490846e+01
6.410000000000132e+00	7.490483e+01
6.410300000000133e+00	7.490119e+01
6.410600000000133e+00	7.489755e+01
6.410900000000133e+00	7.489390e+01
6.411200000000133e+00	7.489027e+01
6.411500000000133e+00	7.488665e+01
6.411800000000134e+00	7.488301e+01
6.412100000000134e+00	7.487937e+01
6.412400000000134e+00	7.487573e+01
6.412700000000134e+00	7.487210e+01
6.413000000000134e+00	7.486847e+01
6.413300000000135e+00	7.486484e+01
6.413600000000135e+00	7.486120e+01
6.413900000000135e+00	7.485757e+01
6.414200000000135e+00	7.485394e+01
6.414500000000135e+00	7.485029e+01
6.414800000000136e+00	7.484667e+01
6.415100000000136e+00	7.484303e+01
6.415400000000136e+00	7.483941e+01
6.415700000000136e+00	7.483578e+01
6.416000000000136e+00	7.483214e+01
6.416300000000136e+00	7.482852e+01
6.416600000000137e+00	7.482488e+01
6.416900000000137e+00	7.482125e+01
6.417200000000137e+00	7.481762e+01
6.417500000000137e+00	7.481399e+01
6.417800000000137e+00	7.481037e+01
6.418100000000138e+00	7.480674e+01
6.418400000000138e+00	7.480312e+01
6.418700000000138e+00	7.479948e+01
6.419000000000138e+00	7.479585e+01
6.419300000000138e+00	7.479222e+01
6.419600000000139e+00	7.478860e+01
6.419900000000139e+00	7.478498e+01
6.420200000000139e+00	7.478135e+01
6.420500000000139e+00	7.477773e+01
6.420800000000139e+00	7.477409e+01
6.421100000000139e+00	7.477046e+01
6.421400000000140e+00	7.476685e+01
6.421700000000140e+00	7.476322e+01
6.422000000000140e+00	7.475961e+01
6.422300000000140e+00	7.475598e+01
6.422600000000140e+00	7.475236e+01
6.422900000000141e+00	7.474873e+01
6.423200000000141e+00	7.474511e+01
6.423500000000141e+00	7.474149e+01
6.423800000000141e+00	7.473786e+01
6.424100000000141e+00	7.473425e+01
6.424400000000142e+00	7.473062e+01
6.424700000000142e+00	7.472701e+01
6.425000000000142e+00	7.472338e+01
6.425300000000142e+00	7.471976e+01
6.425600000000142e+00	7.471614e+01
6.425900000000142e+00	7.471251e+01
6.426200000000143e+00	7.470891e+01
6.426500000000143e+00	7.470529e+01
6.426800000000143e+00	7.470167e+01
6.427100000000143e+00	7.469805e+01
6.427400000000143e+00	7.469442e+01
6.427700000000144e+00	7.469081e+01
6.428000000000144e+00	7.468719e+01
6.428300000000144e+00	7.468358e+01
6.428600000000144e+00	7.467997e+01
6.428900000000144e+00	7.467635e+01
6.429200000000145e+00	7.467273e+01
6.429500000000145e+00	7.466911e+01
6.429800000000145e+00	7.466550e+01
6.430100000000145e+00	7.466188e+01
6.430400000000145e+00	7.465827e+01
6.430700000000146e+00	7.465466e+01
6.431000000000146e+00	7.465104e+01
6.431300000000146e+00	7.464743e+01
6.431600000000146e+00	7.464381e+01
6.431900000000146e+00	7.464020e+01
6.432200000000146e+00	7.463659e+01
6.432500000000147e+00	7.463297e+01
6.432800000000147e+00	7.462938e+01
6.433100000000147e+00	7.462576e+01
6.433400000000147e+00	7.462215e+01
6.433700000000147e+00	7.461853e+01
6.434000000000148e+00	7.461492e+01
6.434300000000148e+00	7.461131e+01
6.434600000000148e+00	7.460770e+01
6.434900000000148e+00	7.460409e+01
6.435200000000148e+00	7.460048e+01
6.435500000000149e+00	7.459688e+01
6.435800000000149e+00	7.459326e+01
6.436100000000149e+00	7.458967e+01
6.436400000000149e+00	7.458605e+01
6.436700000000149e+00	7.458244e+01
6.437000000000149e+00	7.457884e+01
6.437300000000150e+00	7.457523e+01
6.437600000000150e+00	7.457163e+01
6.437900000000150e+00	7.456802e+01
6.438200000000150e+00	7.456441e+01
6.438500000000150e+00	7.456081e+01
6.438800000000151e+00	7.455720e+01
6.439100000000151e+00	7.455360e+01
6.439400000000151e+00	7.455000e+01
6.439700000000151e+00	7.454640e+01
6.440000000000151e+00	7.454279e+01
6.440300000000152e+00	7.453918e+01
6.440600000000152e+00	7.453558e+01
6.440900000000152e+00	7.453198e+01
6.441200000000152e+00	7.452838e+01
6.441500000000152e+00	7.452478e+01
6.441800000000153e+00	7.452118e+01
6.442100000000153e+00	7.451757e+01
6.442400000000153e+00	7.451396e+01
6.442700000000153e+00	7.451037e+01
6.443000000000153e+00	7.450677e+01
6.443300000000153e+00	7.450317e+01
6.443600000000154e+00	7.449956e+01
6.443900000000154e+00	7.449597e+01
6.444200000000154e+00	7.449238e+01
6.444500000000154e+00	7.448877e+01
6.444800000000154e+00	7.448518e+01
6.445100000000155e+00	7.448157e+01
6.445400000000155e+00	7.447797e+01
6.445700000000155e+00	7.447437e+01
6.446000000000155e+00	7.447079e+01
6.446300000000155e+00	7.446719e+01
6.446600000000156e+00	7.446359e+01
6.446900000000156e+00	7.446000e+01
6.447200000000156e+00	7.445640e+01
6.447500000000156e+00	7.445281e+01
6.447800000000156e+00	7.444921e+01
6.448100000000156e+00	7.444562e+01
6.448400000000157e+00	7.444202e+01
6.448700000000157e+00	7.443842e+01
6.449000000000157e+00	7.443483e+01
6.449300000000157e+00	7.443124e+01
6.449600000000157e+00	7.442765e+01
6.449900000000158e+00	7.442405e+01
6.450200000000158e+00	7.442045e+01
6.450500000000158e+00	7.441687e+01
6.450800000000158e+00	7.441328e+01
6.451100000000158e+00	7.440969e+01
6.451400000000159e+00	7.440610e+01
6.451700000000159e+00	7.440250e+01
6.452000000000159e+00	7.439891e+01
6.452300000000159e+00	7.439531e+01
6.452600000000159e+00	7.439174e+01
6.452900000000160e+00	7.438815e+01
6.453200000000160e+00	7.438456e+01
6.453500000000160e+00	7.438097e+01
6.453800000000160e+00	7.437737e+01
6.454100000000160e+00	7.437379e+01
6.454400000000160e+00	7.437020e+01
6.454700000000161e+00	7.436663e+01
6.455000000000161e+00	7.436303e+01
6.455300000000161e+00	7.435945e+01
6.455600000000161e+00	7.435586e+01
6.455900000000161e+00	7.435227e+01
6.456200000000162e+00	7.434869e+01
6.456500000000162e+00	7.434510e+01
6.456800000000162e+00	7.434152e+01
6.457100000000162e+00	7.433793e+01
6.457400000000162e+00	7.433435e+01
6.457700000000163e+00	7.433077e+01
6.458000000000163e+00	7.432718e+01
6.458300000000163e+00	7.432360e+01
6.458600000000163e+00	7.432001e+01
6.458900000000163e+00	7.431644e+01
6.459200000000163e+00	7.431286e+01
6.459500000000164e+00	7.430927e+01
6.459800000000164e+00	7.430569e+01
6.460100000000164e+00	7.430210e+01
6.460400000000164e+00	7.429852e+01
6.460700000000164e+00	7.429494e+01
6.461000000000165e+00	7.429137e+01
6.461300000000165e+00	7.428779e+01
6.461600000000165e+00	7.428421e+01
6.461900000000165e+00	7.428062e+01
6.462200000000165e+00	7.427705e+01
6.462500000000166e+00	7.427347e+01
6.462800000000166e+00	7.426989e+01
6.463100000000166e+00	7.426630e+01
6.463400000000166e+00	7.426274e+01
6.463700000000166e+00	7.425916e+01
6.464000000000167e+00	7.425558e+01
6.464300000000167e+00	7.425200e+01
6.464600000000167e+00	7.424843e+01
6.464900000000167e+00	7.424485e+01
6.465200000000167e+00	7.424127e+01
6.465500000000167e+00	7.423770e+01
6.465800000000168e+00	7.423413e+01
6.466100000000168e+00	7.423055e+01
6.466400000000168e+00	7.422697e+01
6.466700000000168e+00	7.422340e+01
6.467000000000168e+00	7.421982e+01
6.467300000000169e+00	7.421625e+01
6.467600000000169e+00	7.421268e+01
6.467900000000169e+00	7.420912e+01
6.468200000000169e+00	7.420554e+01
6.468500000000169e+00	7.420196e+01
6.468800000000170e+00	7.419840e+01
6.469100000000170e+00	7.419483e+01
6.469400000000170e+00	7.419125e+01
6.469700000000170e+00	7.418768e+01
6.470000000000170e+00	7.418411e+01
6.470300000000170e+00	7.418054e+01
6.470600000000171e+00	7.417698e+01
6.470900000000171e+00	7.417340e+01
6.471200000000171e+00	7.416983e+01
6.471500000000171e+00	7.416626e+01
6.471800000000171e+00	7.416269e+01
6.472100000000172e+00	7.415914e+01
6.472400000000172e+00	7.415557e+01
6.472700000000172e+00	7.415200e+01
6.473000000000172e+00	7.414842e+01
6.473300000000172e+00	7.414486e+01
6.473600000000173e+00	7.414129e+01
6.473900000000173e+00	7.413773e+01
6.474200000000173e+00	7.413416e+01
6.474500000000173e+00	7.413060e+01
6.474800000000173e+00	7.412703e+01
6.475100000000173e+00	7.412346e+01
6.475400000000174e+00	7.411991e+01
6.475700000000174e+00	7.411634e+01
6.476000000000174e+00	7.411278e+01
6.476300000000174e+00	7.410921e+01
6.476600000000174e+00	7.410565e+01
6.476900000000175e+00	7.410209e+01
6.477200000000175e+00	7.409853e+01
6.477500000000175e+00	7.409497e+01
6.477800000000175e+00	7.409140e+01
6.478100000000175e+00	7.408784e+01
6.478400000000176e+00	7.408427e+01
6.478700000000176e+00	7.408072e+01
6.479000000000176e+00	7.407716e+01
6.479300000000176e+00	7.407360e+01
6.479600000000176e+00	7.407004e+01
6.479900000000177e+00	7.406648e+01
6.480200000000177e+00	7.406293e+01
6.480500000000177e+00	7.405936e+01
6.480800000000177e+00	7.405580e+01
6.481100000000177e+00	7.405225e+01
6.481400000000177e+00	7.404869e+01
6.481700000000178e+00	7.404513e+01
6.482000000000178e+00	7.404158e+01
6.482300000000178e+00	7.403802e+01
6.482600000000178e+00	7.403446e+01
6.482900000000178e+00	7.403090e+01
6.483200000000179e+00	7.402735e+01
6.483500000000179e+00	7.402380e+01
6.483800000000179e+00	7.402025e+01
6.484100000000179e+00	7.401669e+01
6.484400000000179e+00	7.401313e+01
6.484700000000180e+00	7.400957e+01
6.485000000000180e+00	7.400601e+01
6.485300000000180e+00	7.400248e+01
6.485600000000180e+00	7.399892e+01
6.485900000000180e+00	7.399537e+01
6.486200000000180e+00	7.399181e+01
6.486500000000181e+00	7.398825e+01
6.486800000000181e+00	7.398471e+01
6.487100000000181e+00	7.398115e+01
6.487400000000181e+00	7.397761e+01
6.487700000000181e+00	7.397405e+01
6.488000000000182e+00	7.397050e+01
6.488300000000182e+00	7.396695e+01
6.488600000000182e+00	7.396341e+01
6.488900000000182e+00	7.395985e+01
6.489200000000182e+00	7.395630e+01
6.489500000000183e+00	7.395275e+01
6.489800000000183e+00	7.394921e+01
6.490100000000183e+00	7.394566e+01
6.490400000000183e+00	7.394212e+01
6.490700000000183e+00	7.393856e+01
6.491000000000184e+00	7.393501e+01
6.491300000000184e+00	7.393146e+01
6.491600000000184e+00	7.392792e+01
6.491900000000184e+00	7.392438e+01
6.492200000000184e+00	7.392083e+01
6.492500000000184e+00	7.391729e+01
6.492800000000185e+00	7.391373e+01
6.493100000000185e+00	7.391019e+01
6.493400000000185e+00	7.390665e+01
6.493700000000185e+00	7.390310e+01
6.494000000000185e+00	7.389957e+01
6.494300000000186e+00	7.389602e+01
6.494600000000186e+00	7.389248e+01
6.494900000000186e+00	7.388893e+01
6.495200000000186e+00	7.388539e+01
6.495500000000186e+00	7.388185e+01
6.495800000000187e+00	7.387830e+01
6.496100000000187e+00	7.387476e+01
6.496400000000187e+00	7.387122e+01
6.496700000000187e+00	7.386769e+01
6.497000000000187e+00	7.386414e+01
6.497300000000187e+00	7.386060e+01
6.497600000000188e+00	7.385706e+01
6.497900000000188e+00	7.385351e+01
6.498200000000188e+00	7.384998e+01
6.498500000000188e+00	7.384645e+01
6.498800000000188e+00	7.384291e+01
6.499100000000189e+00	7.383936e+01
6.499400000000189e+00	7.383582e+01
6.499700000000189e+00	7.383229e+01
6.500000000000000e+00	7.382875e+01
