rl	V(v2s)
1.000000000000000e-02	2.059626e-03
1.100000000000000e-01	2.283136e-02
2.100000000000000e-01	4.395339e-02
3.100000000000001e-01	6.547149e-02
4.100000000000000e-01	8.743149e-02
5.100000000000000e-01	1.098762e-01
6.100000000000000e-01	1.328451e-01
7.100000000000000e-01	1.563721e-01
8.099999999999999e-01	1.804875e-01
9.099999999999999e-01	2.052177e-01
1.010000000000000e+00	2.305879e-01
1.110000000000000e+00	2.566220e-01
1.210000000000000e+00	2.833443e-01
1.310000000000000e+00	3.107802e-01
1.410000000000000e+00	3.389563e-01
1.510000000000000e+00	3.679010e-01
1.610000000000001e+00	3.976446e-01
1.710000000000001e+00	4.282194e-01
1.810000000000001e+00	4.596598e-01
1.910000000000001e+00	4.920023e-01
2.010000000000001e+00	5.252858e-01
2.110000000000001e+00	5.595518e-01
2.210000000000001e+00	5.948440e-01
2.310000000000001e+00	6.312091e-01
2.410000000000001e+00	6.686967e-01
2.510000000000001e+00	7.073595e-01
2.610000000000001e+00	7.472536e-01
2.710000000000001e+00	7.884387e-01
2.810000000000001e+00	8.309785e-01
2.910000000000001e+00	8.749409e-01
3.010000000000002e+00	9.203985e-01
3.110000000000002e+00	9.674288e-01
3.210000000000002e+00	1.016115e+00
3.310000000000002e+00	1.066546e+00
3.410000000000002e+00	1.118817e+00
3.510000000000002e+00	1.173031e+00
3.610000000000002e+00	1.229298e+00
3.710000000000002e+00	1.287737e+00
3.810000000000002e+00	1.348476e+00
3.910000000000002e+00	1.411653e+00
4.010000000000002e+00	1.477420e+00
4.110000000000002e+00	1.545937e+00
4.210000000000002e+00	1.617381e+00
4.310000000000001e+00	1.691943e+00
4.410000000000001e+00	1.769833e+00
4.510000000000001e+00	1.851277e+00
4.610000000000000e+00	1.936526e+00
4.710000000000000e+00	2.025851e+00
4.810000000000000e+00	2.119552e+00
4.909999999999999e+00	2.217958e+00
5.009999999999999e+00	2.321433e+00
5.109999999999999e+00	2.430379e+00
5.209999999999998e+00	2.545240e+00
5.309999999999998e+00	2.666512e+00
5.409999999999997e+00	2.794747e+00
5.509999999999997e+00	2.930561e+00
5.609999999999997e+00	3.074646e+00
5.709999999999996e+00	3.227780e+00
5.809999999999996e+00	3.390844e+00
5.909999999999996e+00	3.564834e+00
6.009999999999995e+00	3.750885e+00
6.109999999999995e+00	3.950295e+00
6.209999999999995e+00	4.164554e+00
6.309999999999994e+00	4.395377e+00
6.409999999999994e+00	4.644385e+00
6.509999999999994e+00	4.884334e+00
6.609999999999993e+00	5.000859e+00
6.709999999999993e+00	5.013663e+00
6.809999999999993e+00	5.013666e+00
6.909999999999992e+00	5.013669e+00
7.009999999999992e+00	5.013671e+00
7.109999999999991e+00	5.013674e+00
7.209999999999991e+00	5.013677e+00
7.309999999999991e+00	5.013680e+00
7.409999999999990e+00	5.013682e+00
7.509999999999990e+00	5.013685e+00
7.609999999999990e+00	5.013688e+00
7.709999999999989e+00	5.013690e+00
7.809999999999989e+00	5.013692e+00
7.909999999999989e+00	5.013695e+00
8.009999999999989e+00	5.013697e+00
8.109999999999989e+00	5.013700e+00
8.209999999999988e+00	5.013702e+00
8.309999999999988e+00	5.013704e+00
8.409999999999988e+00	5.013706e+00
8.509999999999987e+00	5.013708e+00
8.609999999999987e+00	5.013710e+00
8.709999999999987e+00	5.013712e+00
8.809999999999986e+00	5.013714e+00
8.909999999999986e+00	5.013717e+00
9.009999999999986e+00	5.013719e+00
9.109999999999985e+00	5.013721e+00
9.209999999999985e+00	5.013722e+00
9.309999999999985e+00	5.013724e+00
9.409999999999984e+00	5.013726e+00
9.509999999999984e+00	5.013728e+00
9.609999999999983e+00	5.013730e+00
9.709999999999983e+00	5.013731e+00
9.809999999999983e+00	5.013733e+00
9.909999999999982e+00	5.013735e+00
1.000999999999998e+01	5.013736e+00
1.010999999999998e+01	5.013738e+00
1.020999999999998e+01	5.013740e+00
1.030999999999998e+01	5.013741e+00
1.040999999999998e+01	5.013743e+00
1.050999999999998e+01	5.013744e+00
1.060999999999998e+01	5.013746e+00
1.070999999999998e+01	5.013747e+00
1.080999999999998e+01	5.013749e+00
1.090999999999998e+01	5.013751e+00
1.100999999999998e+01	5.013752e+00
1.110999999999998e+01	5.013753e+00
1.120999999999998e+01	5.013755e+00
1.130999999999998e+01	5.013756e+00
1.140999999999998e+01	5.013757e+00
1.150999999999998e+01	5.013759e+00
1.160999999999998e+01	5.013760e+00
1.170999999999998e+01	5.013762e+00
1.180999999999998e+01	5.013762e+00
1.190999999999998e+01	5.013764e+00
1.200999999999997e+01	5.013765e+00
1.210999999999997e+01	5.013766e+00
1.220999999999997e+01	5.013768e+00
1.230999999999997e+01	5.013769e+00
1.240999999999997e+01	5.013770e+00
1.250999999999997e+01	5.013772e+00
1.260999999999997e+01	5.013772e+00
1.270999999999997e+01	5.013773e+00
1.280999999999997e+01	5.013775e+00
1.290999999999997e+01	5.013776e+00
1.300999999999997e+01	5.013777e+00
1.310999999999997e+01	5.013778e+00
1.320999999999997e+01	5.013779e+00
1.330999999999997e+01	5.013781e+00
1.340999999999997e+01	5.013782e+00
1.350999999999997e+01	5.013783e+00
1.360999999999997e+01	5.013783e+00
1.370999999999997e+01	5.013784e+00
1.380999999999997e+01	5.013786e+00
1.390999999999997e+01	5.013787e+00
1.400999999999997e+01	5.013788e+00
1.410999999999997e+01	5.013789e+00
1.420999999999997e+01	5.013790e+00
1.430999999999997e+01	5.013791e+00
1.440999999999997e+01	5.013792e+00
1.450999999999997e+01	5.013793e+00
1.460999999999997e+01	5.013793e+00
1.470999999999997e+01	5.013794e+00
1.480999999999996e+01	5.013795e+00
1.490999999999996e+01	5.013796e+00
1.500999999999996e+01	5.013797e+00
1.510999999999996e+01	5.013798e+00
1.520999999999996e+01	5.013799e+00
1.530999999999996e+01	5.013800e+00
1.540999999999996e+01	5.013801e+00
1.550999999999996e+01	5.013802e+00
1.560999999999996e+01	5.013803e+00
1.570999999999996e+01	5.013803e+00
1.580999999999996e+01	5.013804e+00
1.590999999999996e+01	5.013805e+00
1.600999999999996e+01	5.013806e+00
1.610999999999996e+01	5.013806e+00
1.620999999999997e+01	5.013807e+00
1.630999999999997e+01	5.013808e+00
1.640999999999997e+01	5.013809e+00
1.650999999999997e+01	5.013810e+00
1.660999999999997e+01	5.013811e+00
1.670999999999997e+01	5.013811e+00
1.680999999999997e+01	5.013812e+00
1.690999999999998e+01	5.013813e+00
1.700999999999998e+01	5.013813e+00
1.710999999999998e+01	5.013814e+00
1.720999999999998e+01	5.013815e+00
1.730999999999998e+01	5.013816e+00
1.740999999999998e+01	5.013816e+00
1.750999999999998e+01	5.013817e+00
1.760999999999999e+01	5.013818e+00
1.770999999999999e+01	5.013819e+00
1.780999999999999e+01	5.013819e+00
1.790999999999999e+01	5.013820e+00
1.800999999999999e+01	5.013821e+00
1.810999999999999e+01	5.013821e+00
1.820999999999999e+01	5.013822e+00
1.831000000000000e+01	5.013823e+00
1.841000000000000e+01	5.013824e+00
1.851000000000000e+01	5.013824e+00
1.861000000000000e+01	5.013824e+00
1.871000000000000e+01	5.013825e+00
1.881000000000000e+01	5.013826e+00
1.891000000000000e+01	5.013826e+00
1.901000000000001e+01	5.013827e+00
1.911000000000001e+01	5.013828e+00
1.921000000000001e+01	5.013828e+00
1.931000000000001e+01	5.013829e+00
1.941000000000001e+01	5.013830e+00
1.951000000000001e+01	5.013830e+00
1.961000000000001e+01	5.013831e+00
1.971000000000002e+01	5.013832e+00
1.981000000000002e+01	5.013832e+00
1.991000000000002e+01	5.013833e+00
2.001000000000002e+01	5.013833e+00
2.011000000000002e+01	5.013834e+00
2.021000000000002e+01	5.013834e+00
2.031000000000002e+01	5.013835e+00
2.041000000000003e+01	5.013835e+00
2.051000000000003e+01	5.013836e+00
2.061000000000003e+01	5.013837e+00
2.071000000000003e+01	5.013837e+00
2.081000000000003e+01	5.013838e+00
2.091000000000003e+01	5.013838e+00
2.101000000000003e+01	5.013839e+00
2.111000000000003e+01	5.013839e+00
2.121000000000004e+01	5.013840e+00
2.131000000000004e+01	5.013841e+00
2.141000000000004e+01	5.013841e+00
2.151000000000004e+01	5.013842e+00
2.161000000000004e+01	5.013842e+00
2.171000000000004e+01	5.013843e+00
2.181000000000004e+01	5.013843e+00
2.191000000000005e+01	5.013844e+00
2.201000000000005e+01	5.013844e+00
2.211000000000005e+01	5.013844e+00
2.221000000000005e+01	5.013845e+00
2.231000000000005e+01	5.013845e+00
2.241000000000005e+01	5.013846e+00
2.251000000000005e+01	5.013846e+00
2.261000000000006e+01	5.013847e+00
2.271000000000006e+01	5.013847e+00
2.281000000000006e+01	5.013848e+00
2.291000000000006e+01	5.013848e+00
2.301000000000006e+01	5.013849e+00
2.311000000000006e+01	5.013849e+00
2.321000000000006e+01	5.013850e+00
2.331000000000007e+01	5.013850e+00
2.341000000000007e+01	5.013851e+00
2.351000000000007e+01	5.013851e+00
2.361000000000007e+01	5.013852e+00
2.371000000000007e+01	5.013852e+00
2.381000000000007e+01	5.013853e+00
2.391000000000007e+01	5.013853e+00
2.401000000000008e+01	5.013854e+00
2.411000000000008e+01	5.013854e+00
2.421000000000008e+01	5.013855e+00
2.431000000000008e+01	5.013855e+00
2.441000000000008e+01	5.013855e+00
2.451000000000008e+01	5.013856e+00
2.461000000000008e+01	5.013856e+00
2.471000000000009e+01	5.013856e+00
2.481000000000009e+01	5.013857e+00
2.491000000000009e+01	5.013857e+00
2.501000000000009e+01	5.013858e+00
2.511000000000009e+01	5.013858e+00
2.521000000000009e+01	5.013859e+00
2.531000000000009e+01	5.013859e+00
2.541000000000010e+01	5.013859e+00
2.551000000000010e+01	5.013860e+00
2.561000000000010e+01	5.013860e+00
2.571000000000010e+01	5.013861e+00
2.581000000000010e+01	5.013861e+00
2.591000000000010e+01	5.013862e+00
2.601000000000010e+01	5.013862e+00
2.611000000000011e+01	5.013862e+00
2.621000000000011e+01	5.013863e+00
2.631000000000011e+01	5.013863e+00
2.641000000000011e+01	5.013864e+00
2.651000000000011e+01	5.013864e+00
2.661000000000011e+01	5.013864e+00
2.671000000000011e+01	5.013865e+00
2.681000000000012e+01	5.013865e+00
2.691000000000012e+01	5.013865e+00
2.701000000000012e+01	5.013865e+00
2.711000000000012e+01	5.013866e+00
2.721000000000012e+01	5.013866e+00
2.731000000000012e+01	5.013867e+00
2.741000000000012e+01	5.013867e+00
2.751000000000013e+01	5.013867e+00
2.761000000000013e+01	5.013868e+00
2.771000000000013e+01	5.013868e+00
2.781000000000013e+01	5.013869e+00
2.791000000000013e+01	5.013869e+00
2.801000000000013e+01	5.013869e+00
2.811000000000013e+01	5.013870e+00
2.821000000000014e+01	5.013870e+00
2.831000000000014e+01	5.013870e+00
2.841000000000014e+01	5.013871e+00
2.851000000000014e+01	5.013871e+00
2.861000000000014e+01	5.013871e+00
2.871000000000014e+01	5.013872e+00
2.881000000000014e+01	5.013872e+00
2.891000000000015e+01	5.013873e+00
2.901000000000015e+01	5.013873e+00
2.911000000000015e+01	5.013873e+00
2.921000000000015e+01	5.013874e+00
2.931000000000015e+01	5.013874e+00
2.941000000000015e+01	5.013874e+00
2.951000000000015e+01	5.013875e+00
2.961000000000016e+01	5.013875e+00
2.971000000000016e+01	5.013875e+00
2.981000000000016e+01	5.013875e+00
2.991000000000016e+01	5.013875e+00
3.001000000000016e+01	5.013876e+00
3.011000000000016e+01	5.013876e+00
3.021000000000016e+01	5.013876e+00
3.031000000000017e+01	5.013877e+00
3.041000000000017e+01	5.013877e+00
3.051000000000017e+01	5.013877e+00
3.061000000000017e+01	5.013878e+00
3.071000000000017e+01	5.013878e+00
3.081000000000017e+01	5.013878e+00
3.091000000000017e+01	5.013879e+00
3.101000000000018e+01	5.013879e+00
3.111000000000018e+01	5.013879e+00
3.121000000000018e+01	5.013880e+00
3.131000000000018e+01	5.013880e+00
3.141000000000018e+01	5.013880e+00
3.151000000000018e+01	5.013881e+00
3.161000000000018e+01	5.013881e+00
3.171000000000019e+01	5.013881e+00
3.181000000000019e+01	5.013881e+00
3.191000000000019e+01	5.013882e+00
3.201000000000019e+01	5.013882e+00
3.211000000000019e+01	5.013882e+00
3.221000000000019e+01	5.013883e+00
3.231000000000019e+01	5.013883e+00
3.241000000000020e+01	5.013883e+00
3.251000000000020e+01	5.013884e+00
3.261000000000020e+01	5.013884e+00
3.271000000000020e+01	5.013884e+00
3.281000000000020e+01	5.013884e+00
3.291000000000020e+01	5.013885e+00
3.301000000000020e+01	5.013885e+00
3.311000000000021e+01	5.013885e+00
3.321000000000021e+01	5.013885e+00
3.331000000000021e+01	5.013885e+00
3.341000000000021e+01	5.013886e+00
3.351000000000021e+01	5.013886e+00
3.361000000000021e+01	5.013886e+00
3.371000000000021e+01	5.013887e+00
3.381000000000022e+01	5.013887e+00
3.391000000000022e+01	5.013887e+00
3.401000000000022e+01	5.013887e+00
3.411000000000022e+01	5.013888e+00
3.421000000000022e+01	5.013888e+00
3.431000000000022e+01	5.013888e+00
3.441000000000022e+01	5.013888e+00
3.451000000000023e+01	5.013889e+00
3.461000000000023e+01	5.013889e+00
3.471000000000023e+01	5.013889e+00
3.481000000000023e+01	5.013889e+00
3.491000000000023e+01	5.013890e+00
3.501000000000023e+01	5.013890e+00
3.511000000000023e+01	5.013890e+00
3.521000000000024e+01	5.013891e+00
3.531000000000024e+01	5.013891e+00
3.541000000000024e+01	5.013891e+00
3.551000000000024e+01	5.013891e+00
3.561000000000024e+01	5.013892e+00
3.571000000000024e+01	5.013892e+00
3.581000000000024e+01	5.013892e+00
3.591000000000025e+01	5.013892e+00
3.601000000000025e+01	5.013893e+00
3.611000000000025e+01	5.013893e+00
3.621000000000025e+01	5.013893e+00
3.631000000000025e+01	5.013893e+00
3.641000000000025e+01	5.013894e+00
3.651000000000025e+01	5.013894e+00
3.661000000000026e+01	5.013894e+00
3.671000000000026e+01	5.013894e+00
3.681000000000026e+01	5.013895e+00
3.691000000000026e+01	5.013895e+00
3.701000000000026e+01	5.013895e+00
3.711000000000026e+01	5.013895e+00
3.721000000000026e+01	5.013896e+00
3.731000000000027e+01	5.013896e+00
3.741000000000027e+01	5.013896e+00
3.751000000000027e+01	5.013896e+00
3.761000000000027e+01	5.013896e+00
3.771000000000027e+01	5.013896e+00
3.781000000000027e+01	5.013896e+00
3.791000000000027e+01	5.013897e+00
3.801000000000028e+01	5.013897e+00
3.811000000000028e+01	5.013897e+00
3.821000000000028e+01	5.013897e+00
3.831000000000028e+01	5.013898e+00
3.841000000000028e+01	5.013898e+00
3.851000000000028e+01	5.013898e+00
3.861000000000028e+01	5.013898e+00
3.871000000000029e+01	5.013899e+00
3.881000000000029e+01	5.013899e+00
3.891000000000029e+01	5.013899e+00
3.901000000000029e+01	5.013899e+00
3.911000000000029e+01	5.013899e+00
3.921000000000029e+01	5.013900e+00
3.931000000000029e+01	5.013900e+00
3.941000000000030e+01	5.013900e+00
3.951000000000030e+01	5.013900e+00
3.961000000000030e+01	5.013901e+00
3.971000000000030e+01	5.013901e+00
3.981000000000030e+01	5.013901e+00
3.991000000000030e+01	5.013901e+00
4.001000000000030e+01	5.013901e+00
4.011000000000030e+01	5.013902e+00
4.021000000000031e+01	5.013902e+00
4.031000000000031e+01	5.013902e+00
4.041000000000031e+01	5.013902e+00
4.051000000000031e+01	5.013902e+00
4.061000000000031e+01	5.013903e+00
4.071000000000031e+01	5.013903e+00
4.081000000000031e+01	5.013903e+00
4.091000000000032e+01	5.013903e+00
4.101000000000032e+01	5.013904e+00
4.111000000000032e+01	5.013904e+00
4.121000000000032e+01	5.013904e+00
4.131000000000032e+01	5.013904e+00
4.141000000000032e+01	5.013904e+00
4.151000000000032e+01	5.013905e+00
4.161000000000033e+01	5.013905e+00
4.171000000000033e+01	5.013905e+00
4.181000000000033e+01	5.013905e+00
4.191000000000033e+01	5.013905e+00
4.201000000000033e+01	5.013906e+00
4.211000000000033e+01	5.013906e+00
4.221000000000033e+01	5.013906e+00
4.231000000000034e+01	5.013906e+00
4.241000000000034e+01	5.013906e+00
4.251000000000034e+01	5.013906e+00
4.261000000000034e+01	5.013906e+00
4.271000000000034e+01	5.013906e+00
4.281000000000034e+01	5.013907e+00
4.291000000000034e+01	5.013907e+00
4.301000000000035e+01	5.013907e+00
4.311000000000035e+01	5.013907e+00
4.321000000000035e+01	5.013907e+00
4.331000000000035e+01	5.013908e+00
4.341000000000035e+01	5.013908e+00
4.351000000000035e+01	5.013908e+00
4.361000000000035e+01	5.013908e+00
4.371000000000036e+01	5.013908e+00
4.381000000000036e+01	5.013909e+00
4.391000000000036e+01	5.013909e+00
4.401000000000036e+01	5.013909e+00
4.411000000000036e+01	5.013909e+00
4.421000000000036e+01	5.013909e+00
4.431000000000036e+01	5.013909e+00
4.441000000000037e+01	5.013910e+00
4.451000000000037e+01	5.013910e+00
4.461000000000037e+01	5.013910e+00
4.471000000000037e+01	5.013910e+00
4.481000000000037e+01	5.013910e+00
4.491000000000037e+01	5.013911e+00
4.501000000000037e+01	5.013911e+00
4.511000000000038e+01	5.013911e+00
4.521000000000038e+01	5.013911e+00
4.531000000000038e+01	5.013911e+00
4.541000000000038e+01	5.013911e+00
4.551000000000038e+01	5.013912e+00
4.561000000000038e+01	5.013912e+00
4.571000000000038e+01	5.013912e+00
4.581000000000039e+01	5.013912e+00
4.591000000000039e+01	5.013912e+00
4.601000000000039e+01	5.013913e+00
4.611000000000039e+01	5.013913e+00
4.621000000000039e+01	5.013913e+00
4.631000000000039e+01	5.013913e+00
4.641000000000039e+01	5.013913e+00
4.651000000000040e+01	5.013913e+00
4.661000000000040e+01	5.013914e+00
4.671000000000040e+01	5.013914e+00
4.681000000000040e+01	5.013914e+00
4.691000000000040e+01	5.013914e+00
4.701000000000040e+01	5.013914e+00
4.711000000000040e+01	5.013914e+00
4.721000000000041e+01	5.013915e+00
4.731000000000041e+01	5.013915e+00
4.741000000000041e+01	5.013915e+00
4.751000000000041e+01	5.013915e+00
4.761000000000041e+01	5.013915e+00
4.771000000000041e+01	5.013915e+00
4.781000000000041e+01	5.013916e+00
4.791000000000042e+01	5.013916e+00
4.801000000000042e+01	5.013916e+00
4.811000000000042e+01	5.013916e+00
4.821000000000042e+01	5.013916e+00
4.831000000000042e+01	5.013916e+00
4.841000000000042e+01	5.013916e+00
4.851000000000042e+01	5.013916e+00
4.861000000000043e+01	5.013916e+00
4.871000000000043e+01	5.013917e+00
4.881000000000043e+01	5.013917e+00
4.891000000000043e+01	5.013917e+00
4.901000000000043e+01	5.013917e+00
4.911000000000043e+01	5.013917e+00
4.921000000000043e+01	5.013917e+00
4.931000000000044e+01	5.013917e+00
4.941000000000044e+01	5.013918e+00
4.951000000000044e+01	5.013918e+00
4.961000000000044e+01	5.013918e+00
4.971000000000044e+01	5.013918e+00
4.981000000000044e+01	5.013918e+00
4.991000000000044e+01	5.013918e+00
5.000000000000000e+01	5.013919e+00
