vin	V(v2s)
6.200000000000000e+00	5.013754e+00
6.200300000000000e+00	5.013754e+00
6.200600000000001e+00	5.013755e+00
6.200900000000001e+00	5.013756e+00
6.201200000000001e+00	5.013757e+00
6.201500000000001e+00	5.013757e+00
6.201800000000001e+00	5.013758e+00
6.202100000000002e+00	5.013759e+00
6.202400000000002e+00	5.013760e+00
6.202700000000002e+00	5.013760e+00
6.203000000000002e+00	5.013761e+00
6.203300000000002e+00	5.013762e+00
6.203600000000002e+00	5.013762e+00
6.203900000000003e+00	5.013763e+00
6.204200000000003e+00	5.013764e+00
6.204500000000003e+00	5.013764e+00
6.204800000000003e+00	5.013765e+00
6.205100000000003e+00	5.013766e+00
6.205400000000004e+00	5.013767e+00
6.205700000000004e+00	5.013767e+00
6.206000000000004e+00	5.013768e+00
6.206300000000004e+00	5.013769e+00
6.206600000000004e+00	5.013770e+00
6.206900000000005e+00	5.013770e+00
6.207200000000005e+00	5.013771e+00
6.207500000000005e+00	5.013772e+00
6.207800000000005e+00	5.013772e+00
6.208100000000005e+00	5.013773e+00
6.208400000000005e+00	5.013774e+00
6.208700000000006e+00	5.013774e+00
6.209000000000006e+00	5.013775e+00
6.209300000000006e+00	5.013776e+00
6.209600000000006e+00	5.013777e+00
6.209900000000006e+00	5.013777e+00
6.210200000000007e+00	5.013778e+00
6.210500000000007e+00	5.013779e+00
6.210800000000007e+00	5.013780e+00
6.211100000000007e+00	5.013780e+00
6.211400000000007e+00	5.013781e+00
6.211700000000008e+00	5.013782e+00
6.212000000000008e+00	5.013783e+00
6.212300000000008e+00	5.013783e+00
6.212600000000008e+00	5.013784e+00
6.212900000000008e+00	5.013784e+00
6.213200000000008e+00	5.013785e+00
6.213500000000009e+00	5.013786e+00
6.213800000000009e+00	5.013787e+00
6.214100000000009e+00	5.013787e+00
6.214400000000009e+00	5.013788e+00
6.214700000000009e+00	5.013789e+00
6.215000000000010e+00	5.013789e+00
6.215300000000010e+00	5.013790e+00
6.215600000000010e+00	5.013791e+00
6.215900000000010e+00	5.013792e+00
6.216200000000010e+00	5.013792e+00
6.216500000000011e+00	5.013793e+00
6.216800000000011e+00	5.013793e+00
6.217100000000011e+00	5.013794e+00
6.217400000000011e+00	5.013795e+00
6.217700000000011e+00	5.013796e+00
6.218000000000012e+00	5.013796e+00
6.218300000000012e+00	5.013797e+00
6.218600000000012e+00	5.013798e+00
6.218900000000012e+00	5.013799e+00
6.219200000000012e+00	5.013799e+00
6.219500000000012e+00	5.013800e+00
6.219800000000013e+00	5.013801e+00
6.220100000000013e+00	5.013802e+00
6.220400000000013e+00	5.013802e+00
6.220700000000013e+00	5.013803e+00
6.221000000000013e+00	5.013803e+00
6.221300000000014e+00	5.013804e+00
6.221600000000014e+00	5.013805e+00
6.221900000000014e+00	5.013805e+00
6.222200000000014e+00	5.013806e+00
6.222500000000014e+00	5.013807e+00
6.222800000000015e+00	5.013808e+00
6.223100000000015e+00	5.013808e+00
6.223400000000015e+00	5.013809e+00
6.223700000000015e+00	5.013810e+00
6.224000000000015e+00	5.013811e+00
6.224300000000015e+00	5.013811e+00
6.224600000000016e+00	5.013812e+00
6.224900000000016e+00	5.013813e+00
6.225200000000016e+00	5.013813e+00
6.225500000000016e+00	5.013814e+00
6.225800000000016e+00	5.013814e+00
6.226100000000017e+00	5.013815e+00
6.226400000000017e+00	5.013816e+00
6.226700000000017e+00	5.013817e+00
6.227000000000017e+00	5.013817e+00
6.227300000000017e+00	5.013818e+00
6.227600000000018e+00	5.013819e+00
6.227900000000018e+00	5.013820e+00
6.228200000000018e+00	5.013820e+00
6.228500000000018e+00	5.013821e+00
6.228800000000018e+00	5.013822e+00
6.229100000000019e+00	5.013822e+00
6.229400000000019e+00	5.013823e+00
6.229700000000019e+00	5.013824e+00
6.230000000000019e+00	5.013824e+00
6.230300000000019e+00	5.013825e+00
6.230600000000019e+00	5.013826e+00
6.230900000000020e+00	5.013826e+00
6.231200000000020e+00	5.013827e+00
6.231500000000020e+00	5.013828e+00
6.231800000000020e+00	5.013828e+00
6.232100000000020e+00	5.013829e+00
6.232400000000021e+00	5.013830e+00
6.232700000000021e+00	5.013831e+00
6.233000000000021e+00	5.013831e+00
6.233300000000021e+00	5.013832e+00
6.233600000000021e+00	5.013833e+00
6.233900000000022e+00	5.013834e+00
6.234200000000022e+00	5.013834e+00
6.234500000000022e+00	5.013835e+00
6.234800000000022e+00	5.013835e+00
6.235100000000022e+00	5.013836e+00
6.235400000000022e+00	5.013837e+00
6.235700000000023e+00	5.013837e+00
6.236000000000023e+00	5.013838e+00
6.236300000000023e+00	5.013839e+00
6.236600000000023e+00	5.013840e+00
6.236900000000023e+00	5.013840e+00
6.237200000000024e+00	5.013841e+00
6.237500000000024e+00	5.013842e+00
6.237800000000024e+00	5.013842e+00
6.238100000000024e+00	5.013843e+00
6.238400000000024e+00	5.013844e+00
6.238700000000025e+00	5.013844e+00
6.239000000000025e+00	5.013845e+00
6.239300000000025e+00	5.013846e+00
6.239600000000025e+00	5.013846e+00
6.239900000000025e+00	5.013847e+00
6.240200000000026e+00	5.013848e+00
6.240500000000026e+00	5.013848e+00
6.240800000000026e+00	5.013849e+00
6.241100000000026e+00	5.013850e+00
6.241400000000026e+00	5.013851e+00
6.241700000000026e+00	5.013851e+00
6.242000000000027e+00	5.013852e+00
6.242300000000027e+00	5.013853e+00
6.242600000000027e+00	5.013854e+00
6.242900000000027e+00	5.013854e+00
6.243200000000027e+00	5.013855e+00
6.243500000000028e+00	5.013855e+00
6.243800000000028e+00	5.013856e+00
6.244100000000028e+00	5.013857e+00
6.244400000000028e+00	5.013857e+00
6.244700000000028e+00	5.013858e+00
6.245000000000029e+00	5.013859e+00
6.245300000000029e+00	5.013860e+00
6.245600000000029e+00	5.013860e+00
6.245900000000029e+00	5.013861e+00
6.246200000000029e+00	5.013862e+00
6.246500000000029e+00	5.013862e+00
6.246800000000030e+00	5.013863e+00
6.247100000000030e+00	5.013864e+00
6.247400000000030e+00	5.013865e+00
6.247700000000030e+00	5.013865e+00
6.248000000000030e+00	5.013866e+00
6.248300000000031e+00	5.013866e+00
6.248600000000031e+00	5.013867e+00
6.248900000000031e+00	5.013868e+00
6.249200000000031e+00	5.013868e+00
6.249500000000031e+00	5.013869e+00
6.249800000000032e+00	5.013870e+00
6.250100000000032e+00	5.013871e+00
6.250400000000032e+00	5.013871e+00
6.250700000000032e+00	5.013872e+00
6.251000000000032e+00	5.013873e+00
6.251300000000032e+00	5.013873e+00
6.251600000000033e+00	5.013874e+00
6.251900000000033e+00	5.013875e+00
6.252200000000033e+00	5.013875e+00
6.252500000000033e+00	5.013876e+00
6.252800000000033e+00	5.013877e+00
6.253100000000034e+00	5.013877e+00
6.253400000000034e+00	5.013878e+00
6.253700000000034e+00	5.013879e+00
6.254000000000034e+00	5.013879e+00
6.254300000000034e+00	5.013880e+00
6.254600000000035e+00	5.013881e+00
6.254900000000035e+00	5.013882e+00
6.255200000000035e+00	5.013882e+00
6.255500000000035e+00	5.013883e+00
6.255800000000035e+00	5.013884e+00
6.256100000000036e+00	5.013884e+00
6.256400000000036e+00	5.013885e+00
6.256700000000036e+00	5.013885e+00
6.257000000000036e+00	5.013886e+00
6.257300000000036e+00	5.013887e+00
6.257600000000036e+00	5.013888e+00
6.257900000000037e+00	5.013888e+00
6.258200000000037e+00	5.013889e+00
6.258500000000037e+00	5.013890e+00
6.258800000000037e+00	5.013890e+00
6.259100000000037e+00	5.013891e+00
6.259400000000038e+00	5.013892e+00
6.259700000000038e+00	5.013893e+00
6.260000000000038e+00	5.013893e+00
6.260300000000038e+00	5.013894e+00
6.260600000000038e+00	5.013895e+00
6.260900000000039e+00	5.013895e+00
6.261200000000039e+00	5.013896e+00
6.261500000000039e+00	5.013896e+00
6.261800000000039e+00	5.013897e+00
6.262100000000039e+00	5.013898e+00
6.262400000000039e+00	5.013899e+00
6.262700000000040e+00	5.013899e+00
6.263000000000040e+00	5.013900e+00
6.263300000000040e+00	5.013901e+00
6.263600000000040e+00	5.013901e+00
6.263900000000040e+00	5.013902e+00
6.264200000000041e+00	5.013903e+00
6.264500000000041e+00	5.013904e+00
6.264800000000041e+00	5.013904e+00
6.265100000000041e+00	5.013905e+00
6.265400000000041e+00	5.013906e+00
6.265700000000042e+00	5.013906e+00
6.266000000000042e+00	5.013907e+00
6.266300000000042e+00	5.013907e+00
6.266600000000042e+00	5.013908e+00
6.266900000000042e+00	5.013909e+00
6.267200000000043e+00	5.013909e+00
6.267500000000043e+00	5.013910e+00
6.267800000000043e+00	5.013911e+00
6.268100000000043e+00	5.013912e+00
6.268400000000043e+00	5.013912e+00
6.268700000000043e+00	5.013913e+00
6.269000000000044e+00	5.013914e+00
6.269300000000044e+00	5.013914e+00
6.269600000000044e+00	5.013915e+00
6.269900000000044e+00	5.013916e+00
6.270200000000044e+00	5.013916e+00
6.270500000000045e+00	5.013917e+00
6.270800000000045e+00	5.013918e+00
6.271100000000045e+00	5.013918e+00
6.271400000000045e+00	5.013919e+00
6.271700000000045e+00	5.013920e+00
6.272000000000046e+00	5.013920e+00
6.272300000000046e+00	5.013921e+00
6.272600000000046e+00	5.013922e+00
6.272900000000046e+00	5.013923e+00
6.273200000000046e+00	5.013923e+00
6.273500000000046e+00	5.013924e+00
6.273800000000047e+00	5.013925e+00
6.274100000000047e+00	5.013925e+00
6.274400000000047e+00	5.013926e+00
6.274700000000047e+00	5.013927e+00
6.275000000000047e+00	5.013927e+00
6.275300000000048e+00	5.013928e+00
6.275600000000048e+00	5.013928e+00
6.275900000000048e+00	5.013929e+00
6.276200000000048e+00	5.013930e+00
6.276500000000048e+00	5.013931e+00
6.276800000000049e+00	5.013931e+00
6.277100000000049e+00	5.013932e+00
6.277400000000049e+00	5.013933e+00
6.277700000000049e+00	5.013934e+00
6.278000000000049e+00	5.013934e+00
6.278300000000050e+00	5.013935e+00
6.278600000000050e+00	5.013936e+00
6.278900000000050e+00	5.013936e+00
6.279200000000050e+00	5.013937e+00
6.279500000000050e+00	5.013937e+00
6.279800000000050e+00	5.013938e+00
6.280100000000051e+00	5.013939e+00
6.280400000000051e+00	5.013939e+00
6.280700000000051e+00	5.013940e+00
6.281000000000051e+00	5.013941e+00
6.281300000000051e+00	5.013942e+00
6.281600000000052e+00	5.013942e+00
6.281900000000052e+00	5.013943e+00
6.282200000000052e+00	5.013944e+00
6.282500000000052e+00	5.013944e+00
6.282800000000052e+00	5.013945e+00
6.283100000000053e+00	5.013946e+00
6.283400000000053e+00	5.013947e+00
6.283700000000053e+00	5.013947e+00
6.284000000000053e+00	5.013948e+00
6.284300000000053e+00	5.013948e+00
6.284600000000053e+00	5.013949e+00
6.284900000000054e+00	5.013950e+00
6.285200000000054e+00	5.013950e+00
6.285500000000054e+00	5.013951e+00
6.285800000000054e+00	5.013952e+00
6.286100000000054e+00	5.013953e+00
6.286400000000055e+00	5.013953e+00
6.286700000000055e+00	5.013954e+00
6.287000000000055e+00	5.013955e+00
6.287300000000055e+00	5.013955e+00
6.287600000000055e+00	5.013956e+00
6.287900000000056e+00	5.013957e+00
6.288200000000056e+00	5.013958e+00
6.288500000000056e+00	5.013958e+00
6.288800000000056e+00	5.013958e+00
6.289100000000056e+00	5.013959e+00
6.289400000000057e+00	5.013960e+00
6.289700000000057e+00	5.013961e+00
6.290000000000057e+00	5.013961e+00
6.290300000000057e+00	5.013962e+00
6.290600000000057e+00	5.013963e+00
6.290900000000057e+00	5.013963e+00
6.291200000000058e+00	5.013964e+00
6.291500000000058e+00	5.013965e+00
6.291800000000058e+00	5.013966e+00
6.292100000000058e+00	5.013966e+00
6.292400000000058e+00	5.013967e+00
6.292700000000059e+00	5.013968e+00
6.293000000000059e+00	5.013968e+00
6.293300000000059e+00	5.013969e+00
6.293600000000059e+00	5.013969e+00
6.293900000000059e+00	5.013970e+00
6.294200000000060e+00	5.013971e+00
6.294500000000060e+00	5.013971e+00
6.294800000000060e+00	5.013972e+00
6.295100000000060e+00	5.013973e+00
6.295400000000060e+00	5.013974e+00
6.295700000000060e+00	5.013974e+00
6.296000000000061e+00	5.013975e+00
6.296300000000061e+00	5.013976e+00
6.296600000000061e+00	5.013976e+00
6.296900000000061e+00	5.013977e+00
6.297200000000061e+00	5.013978e+00
6.297500000000062e+00	5.013978e+00
6.297800000000062e+00	5.013979e+00
6.298100000000062e+00	5.013980e+00
6.298400000000062e+00	5.013980e+00
6.298700000000062e+00	5.013981e+00
6.299000000000063e+00	5.013982e+00
6.299300000000063e+00	5.013982e+00
6.299600000000063e+00	5.013983e+00
6.299900000000063e+00	5.013984e+00
6.300200000000063e+00	5.013985e+00
6.300500000000063e+00	5.013985e+00
6.300800000000064e+00	5.013986e+00
6.301100000000064e+00	5.013987e+00
6.301400000000064e+00	5.013987e+00
6.301700000000064e+00	5.013988e+00
6.302000000000064e+00	5.013988e+00
6.302300000000065e+00	5.013989e+00
6.302600000000065e+00	5.013990e+00
6.302900000000065e+00	5.013990e+00
6.303200000000065e+00	5.013991e+00
6.303500000000065e+00	5.013992e+00
6.303800000000066e+00	5.013993e+00
6.304100000000066e+00	5.013993e+00
6.304400000000066e+00	5.013994e+00
6.304700000000066e+00	5.013995e+00
6.305000000000066e+00	5.013995e+00
6.305300000000067e+00	5.013996e+00
6.305600000000067e+00	5.013997e+00
6.305900000000067e+00	5.013998e+00
6.306200000000067e+00	5.013998e+00
6.306500000000067e+00	5.013999e+00
6.306800000000067e+00	5.013999e+00
6.307100000000068e+00	5.014000e+00
6.307400000000068e+00	5.014001e+00
6.307700000000068e+00	5.014001e+00
6.308000000000068e+00	5.014002e+00
6.308300000000068e+00	5.014003e+00
6.308600000000069e+00	5.014004e+00
6.308900000000069e+00	5.014004e+00
6.309200000000069e+00	5.014005e+00
6.309500000000069e+00	5.014006e+00
6.309800000000069e+00	5.014006e+00
6.310100000000070e+00	5.014007e+00
6.310400000000070e+00	5.014008e+00
6.310700000000070e+00	5.014009e+00
6.311000000000070e+00	5.014009e+00
6.311300000000070e+00	5.014009e+00
6.311600000000070e+00	5.014010e+00
6.311900000000071e+00	5.014011e+00
6.312200000000071e+00	5.014012e+00
6.312500000000071e+00	5.014012e+00
6.312800000000071e+00	5.014013e+00
6.313100000000071e+00	5.014014e+00
6.313400000000072e+00	5.014014e+00
6.313700000000072e+00	5.014015e+00
6.314000000000072e+00	5.014016e+00
6.314300000000072e+00	5.014017e+00
6.314600000000072e+00	5.014017e+00
6.314900000000073e+00	5.014018e+00
6.315200000000073e+00	5.014019e+00
6.315500000000073e+00	5.014019e+00
6.315800000000073e+00	5.014020e+00
6.316100000000073e+00	5.014020e+00
6.316400000000074e+00	5.014021e+00
6.316700000000074e+00	5.014022e+00
6.317000000000074e+00	5.014022e+00
6.317300000000074e+00	5.014023e+00
6.317600000000074e+00	5.014024e+00
6.317900000000074e+00	5.014025e+00
6.318200000000075e+00	5.014025e+00
6.318500000000075e+00	5.014026e+00
6.318800000000075e+00	5.014027e+00
6.319100000000075e+00	5.014027e+00
6.319400000000075e+00	5.014028e+00
6.319700000000076e+00	5.014029e+00
6.320000000000076e+00	5.014030e+00
6.320300000000076e+00	5.014030e+00
6.320600000000076e+00	5.014031e+00
6.320900000000076e+00	5.014031e+00
6.321200000000077e+00	5.014032e+00
6.321500000000077e+00	5.014033e+00
6.321800000000077e+00	5.014033e+00
6.322100000000077e+00	5.014034e+00
6.322400000000077e+00	5.014035e+00
6.322700000000077e+00	5.014036e+00
6.323000000000078e+00	5.014036e+00
6.323300000000078e+00	5.014037e+00
6.323600000000078e+00	5.014038e+00
6.323900000000078e+00	5.014038e+00
6.324200000000078e+00	5.014039e+00
6.324500000000079e+00	5.014040e+00
6.324800000000079e+00	5.014040e+00
6.325100000000079e+00	5.014041e+00
6.325400000000079e+00	5.014041e+00
6.325700000000079e+00	5.014042e+00
6.326000000000080e+00	5.014043e+00
6.326300000000080e+00	5.014044e+00
6.326600000000080e+00	5.014044e+00
6.326900000000080e+00	5.014045e+00
6.327200000000080e+00	5.014046e+00
6.327500000000081e+00	5.014046e+00
6.327800000000081e+00	5.014047e+00
6.328100000000081e+00	5.014048e+00
6.328400000000081e+00	5.014049e+00
6.328700000000081e+00	5.014049e+00
6.329000000000081e+00	5.014050e+00
6.329300000000082e+00	5.014050e+00
6.329600000000082e+00	5.014051e+00
6.329900000000082e+00	5.014052e+00
6.330200000000082e+00	5.014052e+00
6.330500000000082e+00	5.014053e+00
6.330800000000083e+00	5.014054e+00
6.331100000000083e+00	5.014054e+00
6.331400000000083e+00	5.014055e+00
6.331700000000083e+00	5.014056e+00
6.332000000000083e+00	5.014057e+00
6.332300000000084e+00	5.014057e+00
6.332600000000084e+00	5.014058e+00
6.332900000000084e+00	5.014059e+00
6.333200000000084e+00	5.014059e+00
6.333500000000084e+00	5.014060e+00
6.333800000000084e+00	5.014060e+00
6.334100000000085e+00	5.014061e+00
6.334400000000085e+00	5.014062e+00
6.334700000000085e+00	5.014063e+00
6.335000000000085e+00	5.014063e+00
6.335300000000085e+00	5.014064e+00
6.335600000000086e+00	5.014065e+00
6.335900000000086e+00	5.014065e+00
6.336200000000086e+00	5.014066e+00
6.336500000000086e+00	5.014067e+00
6.336800000000086e+00	5.014067e+00
6.337100000000087e+00	5.014068e+00
6.337400000000087e+00	5.014069e+00
6.337700000000087e+00	5.014070e+00
6.338000000000087e+00	5.014070e+00
6.338300000000087e+00	5.014071e+00
6.338600000000087e+00	5.014071e+00
6.338900000000088e+00	5.014072e+00
6.339200000000088e+00	5.014073e+00
6.339500000000088e+00	5.014073e+00
6.339800000000088e+00	5.014074e+00
6.340100000000088e+00	5.014075e+00
6.340400000000089e+00	5.014076e+00
6.340700000000089e+00	5.014076e+00
6.341000000000089e+00	5.014077e+00
6.341300000000089e+00	5.014078e+00
6.341600000000089e+00	5.014078e+00
6.341900000000090e+00	5.014079e+00
6.342200000000090e+00	5.014080e+00
6.342500000000090e+00	5.014081e+00
6.342800000000090e+00	5.014081e+00
6.343100000000090e+00	5.014081e+00
6.343400000000091e+00	5.014082e+00
6.343700000000091e+00	5.014083e+00
6.344000000000091e+00	5.014084e+00
6.344300000000091e+00	5.014084e+00
6.344600000000091e+00	5.014085e+00
6.344900000000091e+00	5.014086e+00
6.345200000000092e+00	5.014086e+00
6.345500000000092e+00	5.014087e+00
6.345800000000092e+00	5.014088e+00
6.346100000000092e+00	5.014089e+00
6.346400000000092e+00	5.014089e+00
6.346700000000093e+00	5.014090e+00
6.347000000000093e+00	5.014091e+00
6.347300000000093e+00	5.014091e+00
6.347600000000093e+00	5.014092e+00
6.347900000000093e+00	5.014092e+00
6.348200000000094e+00	5.014093e+00
6.348500000000094e+00	5.014094e+00
6.348800000000094e+00	5.014094e+00
6.349100000000094e+00	5.014095e+00
6.349400000000094e+00	5.014096e+00
6.349700000000094e+00	5.014097e+00
6.350000000000095e+00	5.014097e+00
6.350300000000095e+00	5.014098e+00
6.350600000000095e+00	5.014099e+00
6.350900000000095e+00	5.014099e+00
6.351200000000095e+00	5.014100e+00
6.351500000000096e+00	5.014101e+00
6.351800000000096e+00	5.014102e+00
6.352100000000096e+00	5.014102e+00
6.352400000000096e+00	5.014103e+00
6.352700000000096e+00	5.014103e+00
6.353000000000097e+00	5.014104e+00
6.353300000000097e+00	5.014105e+00
6.353600000000097e+00	5.014105e+00
6.353900000000097e+00	5.014106e+00
6.354200000000097e+00	5.014107e+00
6.354500000000098e+00	5.014108e+00
6.354800000000098e+00	5.014108e+00
6.355100000000098e+00	5.014109e+00
6.355400000000098e+00	5.014110e+00
6.355700000000098e+00	5.014110e+00
6.356000000000098e+00	5.014111e+00
6.356300000000099e+00	5.014112e+00
6.356600000000099e+00	5.014112e+00
6.356900000000099e+00	5.014113e+00
6.357200000000099e+00	5.014113e+00
6.357500000000099e+00	5.014114e+00
6.357800000000100e+00	5.014115e+00
6.358100000000100e+00	5.014116e+00
6.358400000000100e+00	5.014116e+00
6.358700000000100e+00	5.014117e+00
6.359000000000100e+00	5.014118e+00
6.359300000000101e+00	5.014118e+00
6.359600000000101e+00	5.014119e+00
6.359900000000101e+00	5.014120e+00
6.360200000000101e+00	5.014121e+00
6.360500000000101e+00	5.014121e+00
6.360800000000101e+00	5.014122e+00
6.361100000000102e+00	5.014122e+00
6.361400000000102e+00	5.014123e+00
6.361700000000102e+00	5.014124e+00
6.362000000000102e+00	5.014124e+00
6.362300000000102e+00	5.014125e+00
6.362600000000103e+00	5.014126e+00
6.362900000000103e+00	5.014126e+00
6.363200000000103e+00	5.014127e+00
6.363500000000103e+00	5.014128e+00
6.363800000000103e+00	5.014129e+00
6.364100000000104e+00	5.014129e+00
6.364400000000104e+00	5.014130e+00
6.364700000000104e+00	5.014131e+00
6.365000000000104e+00	5.014131e+00
6.365300000000104e+00	5.014132e+00
6.365600000000105e+00	5.014132e+00
6.365900000000105e+00	5.014133e+00
6.366200000000105e+00	5.014134e+00
6.366500000000105e+00	5.014134e+00
6.366800000000105e+00	5.014135e+00
6.367100000000105e+00	5.014136e+00
6.367400000000106e+00	5.014137e+00
6.367700000000106e+00	5.014137e+00
6.368000000000106e+00	5.014138e+00
6.368300000000106e+00	5.014139e+00
6.368600000000106e+00	5.014139e+00
6.368900000000107e+00	5.014140e+00
6.369200000000107e+00	5.014141e+00
6.369500000000107e+00	5.014142e+00
6.369800000000107e+00	5.014142e+00
6.370100000000107e+00	5.014143e+00
6.370400000000108e+00	5.014143e+00
6.370700000000108e+00	5.014144e+00
6.371000000000108e+00	5.014145e+00
6.371300000000108e+00	5.014145e+00
6.371600000000108e+00	5.014146e+00
6.371900000000108e+00	5.014147e+00
6.372200000000109e+00	5.014147e+00
6.372500000000109e+00	5.014148e+00
6.372800000000109e+00	5.014149e+00
6.373100000000109e+00	5.014150e+00
6.373400000000109e+00	5.014150e+00
6.373700000000110e+00	5.014151e+00
6.374000000000110e+00	5.014152e+00
6.374300000000110e+00	5.014152e+00
6.374600000000110e+00	5.014153e+00
6.374900000000110e+00	5.014153e+00
6.375200000000111e+00	5.014154e+00
6.375500000000111e+00	5.014155e+00
6.375800000000111e+00	5.014156e+00
6.376100000000111e+00	5.014156e+00
6.376400000000111e+00	5.014157e+00
6.376700000000112e+00	5.014158e+00
6.377000000000112e+00	5.014158e+00
6.377300000000112e+00	5.014159e+00
6.377600000000112e+00	5.014160e+00
6.377900000000112e+00	5.014161e+00
6.378200000000112e+00	5.014161e+00
6.378500000000113e+00	5.014162e+00
6.378800000000113e+00	5.014163e+00
6.379100000000113e+00	5.014163e+00
6.379400000000113e+00	5.014164e+00
6.379700000000113e+00	5.014164e+00
6.380000000000114e+00	5.014165e+00
6.380300000000114e+00	5.014166e+00
6.380600000000114e+00	5.014166e+00
6.380900000000114e+00	5.014167e+00
6.381200000000114e+00	5.014168e+00
6.381500000000115e+00	5.014169e+00
6.381800000000115e+00	5.014169e+00
6.382100000000115e+00	5.014170e+00
6.382400000000115e+00	5.014171e+00
6.382700000000115e+00	5.014171e+00
6.383000000000115e+00	5.014172e+00
6.383300000000116e+00	5.014173e+00
6.383600000000116e+00	5.014174e+00
6.383900000000116e+00	5.014174e+00
6.384200000000116e+00	5.014174e+00
6.384500000000116e+00	5.014175e+00
6.384800000000117e+00	5.014176e+00
6.385100000000117e+00	5.014177e+00
6.385400000000117e+00	5.014177e+00
6.385700000000117e+00	5.014178e+00
6.386000000000117e+00	5.014179e+00
6.386300000000118e+00	5.014179e+00
6.386600000000118e+00	5.014180e+00
6.386900000000118e+00	5.014181e+00
6.387200000000118e+00	5.014182e+00
6.387500000000118e+00	5.014182e+00
6.387800000000118e+00	5.014183e+00
6.388100000000119e+00	5.014184e+00
6.388400000000119e+00	5.014184e+00
6.388700000000119e+00	5.014185e+00
6.389000000000119e+00	5.014185e+00
6.389300000000119e+00	5.014186e+00
6.389600000000120e+00	5.014187e+00
6.389900000000120e+00	5.014187e+00
6.390200000000120e+00	5.014188e+00
6.390500000000120e+00	5.014189e+00
6.390800000000120e+00	5.014190e+00
6.391100000000121e+00	5.014190e+00
6.391400000000121e+00	5.014191e+00
6.391700000000121e+00	5.014192e+00
6.392000000000121e+00	5.014192e+00
6.392300000000121e+00	5.014193e+00
6.392600000000122e+00	5.014194e+00
6.392900000000122e+00	5.014194e+00
6.393200000000122e+00	5.014195e+00
6.393500000000122e+00	5.014196e+00
6.393800000000122e+00	5.014196e+00
6.394100000000122e+00	5.014197e+00
6.394400000000123e+00	5.014198e+00
6.394700000000123e+00	5.014198e+00
6.395000000000123e+00	5.014199e+00
6.395300000000123e+00	5.014200e+00
6.395600000000123e+00	5.014200e+00
6.395900000000124e+00	5.014201e+00
6.396200000000124e+00	5.014202e+00
6.396500000000124e+00	5.014203e+00
6.396800000000124e+00	5.014203e+00
6.397100000000124e+00	5.014204e+00
6.397400000000125e+00	5.014205e+00
6.397700000000125e+00	5.014205e+00
6.398000000000125e+00	5.014206e+00
6.398300000000125e+00	5.014206e+00
6.398600000000125e+00	5.014207e+00
6.398900000000125e+00	5.014208e+00
6.399200000000126e+00	5.014209e+00
6.399500000000126e+00	5.014209e+00
6.399800000000126e+00	5.014210e+00
6.400100000000126e+00	5.014211e+00
6.400400000000126e+00	5.014211e+00
6.400700000000127e+00	5.014212e+00
6.401000000000127e+00	5.014213e+00
6.401300000000127e+00	5.014214e+00
6.401600000000127e+00	5.014214e+00
6.401900000000127e+00	5.014215e+00
6.402200000000128e+00	5.014215e+00
6.402500000000128e+00	5.014216e+00
6.402800000000128e+00	5.014217e+00
6.403100000000128e+00	5.014217e+00
6.403400000000128e+00	5.014218e+00
6.403700000000129e+00	5.014219e+00
6.404000000000129e+00	5.014219e+00
6.404300000000129e+00	5.014220e+00
6.404600000000129e+00	5.014221e+00
6.404900000000129e+00	5.014222e+00
6.405200000000129e+00	5.014222e+00
6.405500000000130e+00	5.014223e+00
6.405800000000130e+00	5.014224e+00
6.406100000000130e+00	5.014224e+00
6.406400000000130e+00	5.014225e+00
6.406700000000130e+00	5.014225e+00
6.407000000000131e+00	5.014226e+00
6.407300000000131e+00	5.014227e+00
6.407600000000131e+00	5.014227e+00
6.407900000000131e+00	5.014228e+00
6.408200000000131e+00	5.014229e+00
6.408500000000132e+00	5.014230e+00
6.408800000000132e+00	5.014230e+00
6.409100000000132e+00	5.014231e+00
6.409400000000132e+00	5.014232e+00
6.409700000000132e+00	5.014232e+00
6.410000000000132e+00	5.014233e+00
6.410300000000133e+00	5.014234e+00
6.410600000000133e+00	5.014235e+00
6.410900000000133e+00	5.014235e+00
6.411200000000133e+00	5.014235e+00
6.411500000000133e+00	5.014236e+00
6.411800000000134e+00	5.014237e+00
6.412100000000134e+00	5.014238e+00
6.412400000000134e+00	5.014238e+00
6.412700000000134e+00	5.014239e+00
6.413000000000134e+00	5.014240e+00
6.413300000000135e+00	5.014240e+00
6.413600000000135e+00	5.014241e+00
6.413900000000135e+00	5.014242e+00
6.414200000000135e+00	5.014243e+00
6.414500000000135e+00	5.014243e+00
6.414800000000136e+00	5.014244e+00
6.415100000000136e+00	5.014245e+00
6.415400000000136e+00	5.014245e+00
6.415700000000136e+00	5.014246e+00
6.416000000000136e+00	5.014246e+00
6.416300000000136e+00	5.014247e+00
6.416600000000137e+00	5.014248e+00
6.416900000000137e+00	5.014249e+00
6.417200000000137e+00	5.014249e+00
6.417500000000137e+00	5.014250e+00
6.417800000000137e+00	5.014251e+00
6.418100000000138e+00	5.014251e+00
6.418400000000138e+00	5.014252e+00
6.418700000000138e+00	5.014253e+00
6.419000000000138e+00	5.014253e+00
6.419300000000138e+00	5.014254e+00
6.419600000000139e+00	5.014255e+00
6.419900000000139e+00	5.014256e+00
6.420200000000139e+00	5.014256e+00
6.420500000000139e+00	5.014257e+00
6.420800000000139e+00	5.014257e+00
6.421100000000139e+00	5.014258e+00
6.421400000000140e+00	5.014259e+00
6.421700000000140e+00	5.014259e+00
6.422000000000140e+00	5.014260e+00
6.422300000000140e+00	5.014261e+00
6.422600000000140e+00	5.014262e+00
6.422900000000141e+00	5.014262e+00
6.423200000000141e+00	5.014263e+00
6.423500000000141e+00	5.014264e+00
6.423800000000141e+00	5.014264e+00
6.424100000000141e+00	5.014265e+00
6.424400000000142e+00	5.014266e+00
6.424700000000142e+00	5.014266e+00
6.425000000000142e+00	5.014267e+00
6.425300000000142e+00	5.014267e+00
6.425600000000142e+00	5.014268e+00
6.425900000000142e+00	5.014269e+00
6.426200000000143e+00	5.014270e+00
6.426500000000143e+00	5.014270e+00
6.426800000000143e+00	5.014271e+00
6.427100000000143e+00	5.014272e+00
6.427400000000143e+00	5.014272e+00
6.427700000000144e+00	5.014273e+00
6.428000000000144e+00	5.014274e+00
6.428300000000144e+00	5.014275e+00
6.428600000000144e+00	5.014275e+00
6.428900000000144e+00	5.014276e+00
6.429200000000145e+00	5.014277e+00
6.429500000000145e+00	5.014277e+00
6.429800000000145e+00	5.014278e+00
6.430100000000145e+00	5.014278e+00
6.430400000000145e+00	5.014279e+00
6.430700000000146e+00	5.014280e+00
6.431000000000146e+00	5.014280e+00
6.431300000000146e+00	5.014281e+00
6.431600000000146e+00	5.014282e+00
6.431900000000146e+00	5.014283e+00
6.432200000000146e+00	5.014283e+00
6.432500000000147e+00	5.014284e+00
6.432800000000147e+00	5.014285e+00
6.433100000000147e+00	5.014285e+00
6.433400000000147e+00	5.014286e+00
6.433700000000147e+00	5.014287e+00
6.434000000000148e+00	5.014287e+00
6.434300000000148e+00	5.014288e+00
6.434600000000148e+00	5.014288e+00
6.434900000000148e+00	5.014289e+00
6.435200000000148e+00	5.014290e+00
6.435500000000149e+00	5.014291e+00
6.435800000000149e+00	5.014291e+00
6.436100000000149e+00	5.014292e+00
6.436400000000149e+00	5.014293e+00
6.436700000000149e+00	5.014293e+00
6.437000000000149e+00	5.014294e+00
6.437300000000150e+00	5.014295e+00
6.437600000000150e+00	5.014296e+00
6.437900000000150e+00	5.014296e+00
6.438200000000150e+00	5.014297e+00
6.438500000000150e+00	5.014297e+00
6.438800000000151e+00	5.014298e+00
6.439100000000151e+00	5.014299e+00
6.439400000000151e+00	5.014299e+00
6.439700000000151e+00	5.014300e+00
6.440000000000151e+00	5.014301e+00
6.440300000000152e+00	5.014301e+00
6.440600000000152e+00	5.014302e+00
6.440900000000152e+00	5.014303e+00
6.441200000000152e+00	5.014304e+00
6.441500000000152e+00	5.014304e+00
6.441800000000153e+00	5.014305e+00
6.442100000000153e+00	5.014306e+00
6.442400000000153e+00	5.014306e+00
6.442700000000153e+00	5.014307e+00
6.443000000000153e+00	5.014307e+00
6.443300000000153e+00	5.014308e+00
6.443600000000154e+00	5.014309e+00
6.443900000000154e+00	5.014310e+00
6.444200000000154e+00	5.014310e+00
6.444500000000154e+00	5.014311e+00
6.444800000000154e+00	5.014312e+00
6.445100000000155e+00	5.014312e+00
6.445400000000155e+00	5.014313e+00
6.445700000000155e+00	5.014314e+00
6.446000000000155e+00	5.014314e+00
6.446300000000155e+00	5.014315e+00
6.446600000000156e+00	5.014316e+00
6.446900000000156e+00	5.014317e+00
6.447200000000156e+00	5.014317e+00
6.447500000000156e+00	5.014318e+00
6.447800000000156e+00	5.014318e+00
6.448100000000156e+00	5.014319e+00
6.448400000000157e+00	5.014320e+00
6.448700000000157e+00	5.014320e+00
6.449000000000157e+00	5.014321e+00
6.449300000000157e+00	5.014322e+00
6.449600000000157e+00	5.014323e+00
6.449900000000158e+00	5.014323e+00
6.450200000000158e+00	5.014324e+00
6.450500000000158e+00	5.014325e+00
6.450800000000158e+00	5.014325e+00
6.451100000000158e+00	5.014326e+00
6.451400000000159e+00	5.014327e+00
6.451700000000159e+00	5.014327e+00
6.452000000000159e+00	5.014328e+00
6.452300000000159e+00	5.014328e+00
6.452600000000159e+00	5.014329e+00
6.452900000000160e+00	5.014330e+00
6.453200000000160e+00	5.014331e+00
6.453500000000160e+00	5.014331e+00
6.453800000000160e+00	5.014332e+00
6.454100000000160e+00	5.014333e+00
6.454400000000160e+00	5.014333e+00
6.454700000000161e+00	5.014334e+00
6.455000000000161e+00	5.014335e+00
6.455300000000161e+00	5.014336e+00
6.455600000000161e+00	5.014336e+00
6.455900000000161e+00	5.014337e+00
6.456200000000162e+00	5.014338e+00
6.456500000000162e+00	5.014338e+00
6.456800000000162e+00	5.014339e+00
6.457100000000162e+00	5.014339e+00
6.457400000000162e+00	5.014340e+00
6.457700000000163e+00	5.014341e+00
6.458000000000163e+00	5.014341e+00
6.458300000000163e+00	5.014342e+00
6.458600000000163e+00	5.014343e+00
6.458900000000163e+00	5.014344e+00
6.459200000000163e+00	5.014344e+00
6.459500000000164e+00	5.014345e+00
6.459800000000164e+00	5.014346e+00
6.460100000000164e+00	5.014346e+00
6.460400000000164e+00	5.014347e+00
6.460700000000164e+00	5.014348e+00
6.461000000000165e+00	5.014349e+00
6.461300000000165e+00	5.014349e+00
6.461600000000165e+00	5.014349e+00
6.461900000000165e+00	5.014350e+00
6.462200000000165e+00	5.014351e+00
6.462500000000166e+00	5.014352e+00
6.462800000000166e+00	5.014352e+00
6.463100000000166e+00	5.014353e+00
6.463400000000166e+00	5.014354e+00
6.463700000000166e+00	5.014354e+00
6.464000000000167e+00	5.014355e+00
6.464300000000167e+00	5.014356e+00
6.464600000000167e+00	5.014357e+00
6.464900000000167e+00	5.014357e+00
6.465200000000167e+00	5.014358e+00
6.465500000000167e+00	5.014359e+00
6.465800000000168e+00	5.014359e+00
6.466100000000168e+00	5.014360e+00
6.466400000000168e+00	5.014360e+00
6.466700000000168e+00	5.014361e+00
6.467000000000168e+00	5.014362e+00
6.467300000000169e+00	5.014362e+00
6.467600000000169e+00	5.014363e+00
6.467900000000169e+00	5.014364e+00
6.468200000000169e+00	5.014365e+00
6.468500000000169e+00	5.014365e+00
6.468800000000170e+00	5.014366e+00
6.469100000000170e+00	5.014367e+00
6.469400000000170e+00	5.014367e+00
6.469700000000170e+00	5.014368e+00
6.470000000000170e+00	5.014369e+00
6.470300000000170e+00	5.014369e+00
6.470600000000171e+00	5.014370e+00
6.470900000000171e+00	5.014370e+00
6.471200000000171e+00	5.014371e+00
6.471500000000171e+00	5.014372e+00
6.471800000000171e+00	5.014373e+00
6.472100000000172e+00	5.014373e+00
6.472400000000172e+00	5.014374e+00
6.472700000000172e+00	5.014375e+00
6.473000000000172e+00	5.014375e+00
6.473300000000172e+00	5.014376e+00
6.473600000000173e+00	5.014377e+00
6.473900000000173e+00	5.014378e+00
6.474200000000173e+00	5.014378e+00
6.474500000000173e+00	5.014379e+00
6.474800000000173e+00	5.014380e+00
6.475100000000173e+00	5.014380e+00
6.475400000000174e+00	5.014381e+00
6.475700000000174e+00	5.014381e+00
6.476000000000174e+00	5.014382e+00
6.476300000000174e+00	5.014383e+00
6.476600000000174e+00	5.014383e+00
6.476900000000175e+00	5.014384e+00
6.477200000000175e+00	5.014385e+00
6.477500000000175e+00	5.014386e+00
6.477800000000175e+00	5.014386e+00
6.478100000000175e+00	5.014387e+00
6.478400000000176e+00	5.014388e+00
6.478700000000176e+00	5.014388e+00
6.479000000000176e+00	5.014389e+00
6.479300000000176e+00	5.014390e+00
6.479600000000176e+00	5.014390e+00
6.479900000000177e+00	5.014391e+00
6.480200000000177e+00	5.014392e+00
6.480500000000177e+00	5.014392e+00
6.480800000000177e+00	5.014393e+00
6.481100000000177e+00	5.014394e+00
6.481400000000177e+00	5.014394e+00
6.481700000000178e+00	5.014395e+00
6.482000000000178e+00	5.014396e+00
6.482300000000178e+00	5.014396e+00
6.482600000000178e+00	5.014397e+00
6.482900000000178e+00	5.014398e+00
6.483200000000179e+00	5.014399e+00
6.483500000000179e+00	5.014399e+00
6.483800000000179e+00	5.014400e+00
6.484100000000179e+00	5.014400e+00
6.484400000000179e+00	5.014401e+00
6.484700000000180e+00	5.014402e+00
6.485000000000180e+00	5.014402e+00
6.485300000000180e+00	5.014403e+00
6.485600000000180e+00	5.014404e+00
6.485900000000180e+00	5.014405e+00
6.486200000000180e+00	5.014405e+00
6.486500000000181e+00	5.014406e+00
6.486800000000181e+00	5.014407e+00
6.487100000000181e+00	5.014407e+00
6.487400000000181e+00	5.014408e+00
6.487700000000181e+00	5.014409e+00
6.488000000000182e+00	5.014409e+00
6.488300000000182e+00	5.014410e+00
6.488600000000182e+00	5.014410e+00
6.488900000000182e+00	5.014411e+00
6.489200000000182e+00	5.014412e+00
6.489500000000183e+00	5.014413e+00
6.489800000000183e+00	5.014413e+00
6.490100000000183e+00	5.014414e+00
6.490400000000183e+00	5.014415e+00
6.490700000000183e+00	5.014415e+00
6.491000000000184e+00	5.014416e+00
6.491300000000184e+00	5.014417e+00
6.491600000000184e+00	5.014418e+00
6.491900000000184e+00	5.014418e+00
6.492200000000184e+00	5.014419e+00
6.492500000000184e+00	5.014420e+00
6.492800000000185e+00	5.014420e+00
6.493100000000185e+00	5.014421e+00
6.493400000000185e+00	5.014421e+00
6.493700000000185e+00	5.014422e+00
6.494000000000185e+00	5.014423e+00
6.494300000000186e+00	5.014423e+00
6.494600000000186e+00	5.014424e+00
6.494900000000186e+00	5.014425e+00
6.495200000000186e+00	5.014426e+00
6.495500000000186e+00	5.014426e+00
6.495800000000187e+00	5.014427e+00
6.496100000000187e+00	5.014428e+00
6.496400000000187e+00	5.014428e+00
6.496700000000187e+00	5.014429e+00
6.497000000000187e+00	5.014430e+00
6.497300000000187e+00	5.014431e+00
6.497600000000188e+00	5.014431e+00
6.497900000000188e+00	5.014431e+00
6.498200000000188e+00	5.014432e+00
6.498500000000188e+00	5.014433e+00
6.498800000000188e+00	5.014434e+00
6.499100000000189e+00	5.014434e+00
6.499400000000189e+00	5.014435e+00
6.499700000000189e+00	5.014436e+00
6.500000000000000e+00	5.014436e+00
