vin	V(v2s)
6.200000000000000e+00	3.317672e+00
6.200300000000000e+00	3.317672e+00
6.200600000000001e+00	3.317673e+00
6.200900000000001e+00	3.317674e+00
6.201200000000001e+00	3.317674e+00
6.201500000000001e+00	3.317675e+00
6.201800000000001e+00	3.317676e+00
6.202100000000002e+00	3.317676e+00
6.202400000000002e+00	3.317677e+00
6.202700000000002e+00	3.317677e+00
6.203000000000002e+00	3.317678e+00
6.203300000000002e+00	3.317679e+00
6.203600000000002e+00	3.317679e+00
6.203900000000003e+00	3.317680e+00
6.204200000000003e+00	3.317681e+00
6.204500000000003e+00	3.317681e+00
6.204800000000003e+00	3.317682e+00
6.205100000000003e+00	3.317683e+00
6.205400000000004e+00	3.317683e+00
6.205700000000004e+00	3.317684e+00
6.206000000000004e+00	3.317685e+00
6.206300000000004e+00	3.317685e+00
6.206600000000004e+00	3.317686e+00
6.206900000000005e+00	3.317687e+00
6.207200000000005e+00	3.317687e+00
6.207500000000005e+00	3.317688e+00
6.207800000000005e+00	3.317688e+00
6.208100000000005e+00	3.317689e+00
6.208400000000005e+00	3.317690e+00
6.208700000000006e+00	3.317690e+00
6.209000000000006e+00	3.317691e+00
6.209300000000006e+00	3.317692e+00
6.209600000000006e+00	3.317692e+00
6.209900000000006e+00	3.317693e+00
6.210200000000007e+00	3.317693e+00
6.210500000000007e+00	3.317694e+00
6.210800000000007e+00	3.317695e+00
6.211100000000007e+00	3.317695e+00
6.211400000000007e+00	3.317696e+00
6.211700000000008e+00	3.317697e+00
6.212000000000008e+00	3.317697e+00
6.212300000000008e+00	3.317698e+00
6.212600000000008e+00	3.317698e+00
6.212900000000008e+00	3.317699e+00
6.213200000000008e+00	3.317700e+00
6.213500000000009e+00	3.317700e+00
6.213800000000009e+00	3.317701e+00
6.214100000000009e+00	3.317702e+00
6.214400000000009e+00	3.317702e+00
6.214700000000009e+00	3.317703e+00
6.215000000000010e+00	3.317704e+00
6.215300000000010e+00	3.317704e+00
6.215600000000010e+00	3.317705e+00
6.215900000000010e+00	3.317706e+00
6.216200000000010e+00	3.317706e+00
6.216500000000011e+00	3.317707e+00
6.216800000000011e+00	3.317708e+00
6.217100000000011e+00	3.317708e+00
6.217400000000011e+00	3.317709e+00
6.217700000000011e+00	3.317709e+00
6.218000000000012e+00	3.317710e+00
6.218300000000012e+00	3.317711e+00
6.218600000000012e+00	3.317711e+00
6.218900000000012e+00	3.317712e+00
6.219200000000012e+00	3.317713e+00
6.219500000000012e+00	3.317713e+00
6.219800000000013e+00	3.317714e+00
6.220100000000013e+00	3.317714e+00
6.220400000000013e+00	3.317715e+00
6.220700000000013e+00	3.317716e+00
6.221000000000013e+00	3.317716e+00
6.221300000000014e+00	3.317717e+00
6.221600000000014e+00	3.317718e+00
6.221900000000014e+00	3.317718e+00
6.222200000000014e+00	3.317719e+00
6.222500000000014e+00	3.317719e+00
6.222800000000015e+00	3.317720e+00
6.223100000000015e+00	3.317721e+00
6.223400000000015e+00	3.317721e+00
6.223700000000015e+00	3.317722e+00
6.224000000000015e+00	3.317723e+00
6.224300000000015e+00	3.317723e+00
6.224600000000016e+00	3.317724e+00
6.224900000000016e+00	3.317725e+00
6.225200000000016e+00	3.317725e+00
6.225500000000016e+00	3.317726e+00
6.225800000000016e+00	3.317727e+00
6.226100000000017e+00	3.317727e+00
6.226400000000017e+00	3.317728e+00
6.226700000000017e+00	3.317729e+00
6.227000000000017e+00	3.317729e+00
6.227300000000017e+00	3.317730e+00
6.227600000000018e+00	3.317730e+00
6.227900000000018e+00	3.317731e+00
6.228200000000018e+00	3.317732e+00
6.228500000000018e+00	3.317732e+00
6.228800000000018e+00	3.317733e+00
6.229100000000019e+00	3.317734e+00
6.229400000000019e+00	3.317734e+00
6.229700000000019e+00	3.317735e+00
6.230000000000019e+00	3.317735e+00
6.230300000000019e+00	3.317736e+00
6.230600000000019e+00	3.317737e+00
6.230900000000020e+00	3.317737e+00
6.231200000000020e+00	3.317738e+00
6.231500000000020e+00	3.317739e+00
6.231800000000020e+00	3.317739e+00
6.232100000000020e+00	3.317740e+00
6.232400000000021e+00	3.317740e+00
6.232700000000021e+00	3.317741e+00
6.233000000000021e+00	3.317742e+00
6.233300000000021e+00	3.317742e+00
6.233600000000021e+00	3.317743e+00
6.233900000000022e+00	3.317744e+00
6.234200000000022e+00	3.317744e+00
6.234500000000022e+00	3.317745e+00
6.234800000000022e+00	3.317746e+00
6.235100000000022e+00	3.317746e+00
6.235400000000022e+00	3.317747e+00
6.235700000000023e+00	3.317748e+00
6.236000000000023e+00	3.317748e+00
6.236300000000023e+00	3.317749e+00
6.236600000000023e+00	3.317750e+00
6.236900000000023e+00	3.317750e+00
6.237200000000024e+00	3.317751e+00
6.237500000000024e+00	3.317751e+00
6.237800000000024e+00	3.317752e+00
6.238100000000024e+00	3.317753e+00
6.238400000000024e+00	3.317753e+00
6.238700000000025e+00	3.317754e+00
6.239000000000025e+00	3.317755e+00
6.239300000000025e+00	3.317755e+00
6.239600000000025e+00	3.317756e+00
6.239900000000025e+00	3.317756e+00
6.240200000000026e+00	3.317757e+00
6.240500000000026e+00	3.317758e+00
6.240800000000026e+00	3.317758e+00
6.241100000000026e+00	3.317759e+00
6.241400000000026e+00	3.317760e+00
6.241700000000026e+00	3.317760e+00
6.242000000000027e+00	3.317761e+00
6.242300000000027e+00	3.317761e+00
6.242600000000027e+00	3.317762e+00
6.242900000000027e+00	3.317763e+00
6.243200000000027e+00	3.317763e+00
6.243500000000028e+00	3.317764e+00
6.243800000000028e+00	3.317765e+00
6.244100000000028e+00	3.317765e+00
6.244400000000028e+00	3.317766e+00
6.244700000000028e+00	3.317766e+00
6.245000000000029e+00	3.317767e+00
6.245300000000029e+00	3.317768e+00
6.245600000000029e+00	3.317768e+00
6.245900000000029e+00	3.317769e+00
6.246200000000029e+00	3.317770e+00
6.246500000000029e+00	3.317770e+00
6.246800000000030e+00	3.317771e+00
6.247100000000030e+00	3.317772e+00
6.247400000000030e+00	3.317772e+00
6.247700000000030e+00	3.317773e+00
6.248000000000030e+00	3.317774e+00
6.248300000000031e+00	3.317774e+00
6.248600000000031e+00	3.317775e+00
6.248900000000031e+00	3.317775e+00
6.249200000000031e+00	3.317776e+00
6.249500000000031e+00	3.317777e+00
6.249800000000032e+00	3.317777e+00
6.250100000000032e+00	3.317778e+00
6.250400000000032e+00	3.317779e+00
6.250700000000032e+00	3.317779e+00
6.251000000000032e+00	3.317780e+00
6.251300000000032e+00	3.317780e+00
6.251600000000033e+00	3.317781e+00
6.251900000000033e+00	3.317782e+00
6.252200000000033e+00	3.317782e+00
6.252500000000033e+00	3.317783e+00
6.252800000000033e+00	3.317784e+00
6.253100000000034e+00	3.317784e+00
6.253400000000034e+00	3.317785e+00
6.253700000000034e+00	3.317786e+00
6.254000000000034e+00	3.317786e+00
6.254300000000034e+00	3.317787e+00
6.254600000000035e+00	3.317787e+00
6.254900000000035e+00	3.317788e+00
6.255200000000035e+00	3.317789e+00
6.255500000000035e+00	3.317789e+00
6.255800000000035e+00	3.317790e+00
6.256100000000036e+00	3.317791e+00
6.256400000000036e+00	3.317791e+00
6.256700000000036e+00	3.317792e+00
6.257000000000036e+00	3.317792e+00
6.257300000000036e+00	3.317793e+00
6.257600000000036e+00	3.317794e+00
6.257900000000037e+00	3.317794e+00
6.258200000000037e+00	3.317795e+00
6.258500000000037e+00	3.317796e+00
6.258800000000037e+00	3.317796e+00
6.259100000000037e+00	3.317797e+00
6.259400000000038e+00	3.317798e+00
6.259700000000038e+00	3.317798e+00
6.260000000000038e+00	3.317799e+00
6.260300000000038e+00	3.317800e+00
6.260600000000038e+00	3.317800e+00
6.260900000000039e+00	3.317801e+00
6.261200000000039e+00	3.317801e+00
6.261500000000039e+00	3.317802e+00
6.261800000000039e+00	3.317803e+00
6.262100000000039e+00	3.317803e+00
6.262400000000039e+00	3.317804e+00
6.262700000000040e+00	3.317805e+00
6.263000000000040e+00	3.317805e+00
6.263300000000040e+00	3.317806e+00
6.263600000000040e+00	3.317806e+00
6.263900000000040e+00	3.317807e+00
6.264200000000041e+00	3.317808e+00
6.264500000000041e+00	3.317808e+00
6.264800000000041e+00	3.317809e+00
6.265100000000041e+00	3.317810e+00
6.265400000000041e+00	3.317810e+00
6.265700000000042e+00	3.317811e+00
6.266000000000042e+00	3.317811e+00
6.266300000000042e+00	3.317812e+00
6.266600000000042e+00	3.317813e+00
6.266900000000042e+00	3.317813e+00
6.267200000000043e+00	3.317814e+00
6.267500000000043e+00	3.317815e+00
6.267800000000043e+00	3.317815e+00
6.268100000000043e+00	3.317816e+00
6.268400000000043e+00	3.317817e+00
6.268700000000043e+00	3.317817e+00
6.269000000000044e+00	3.317818e+00
6.269300000000044e+00	3.317819e+00
6.269600000000044e+00	3.317819e+00
6.269900000000044e+00	3.317820e+00
6.270200000000044e+00	3.317821e+00
6.270500000000045e+00	3.317821e+00
6.270800000000045e+00	3.317822e+00
6.271100000000045e+00	3.317822e+00
6.271400000000045e+00	3.317823e+00
6.271700000000045e+00	3.317824e+00
6.272000000000046e+00	3.317824e+00
6.272300000000046e+00	3.317825e+00
6.272600000000046e+00	3.317826e+00
6.272900000000046e+00	3.317826e+00
6.273200000000046e+00	3.317827e+00
6.273500000000046e+00	3.317827e+00
6.273800000000047e+00	3.317828e+00
6.274100000000047e+00	3.317829e+00
6.274400000000047e+00	3.317829e+00
6.274700000000047e+00	3.317830e+00
6.275000000000047e+00	3.317831e+00
6.275300000000048e+00	3.317831e+00
6.275600000000048e+00	3.317832e+00
6.275900000000048e+00	3.317832e+00
6.276200000000048e+00	3.317833e+00
6.276500000000048e+00	3.317834e+00
6.276800000000049e+00	3.317834e+00
6.277100000000049e+00	3.317835e+00
6.277400000000049e+00	3.317836e+00
6.277700000000049e+00	3.317836e+00
6.278000000000049e+00	3.317837e+00
6.278300000000050e+00	3.317837e+00
6.278600000000050e+00	3.317838e+00
6.278900000000050e+00	3.317839e+00
6.279200000000050e+00	3.317839e+00
6.279500000000050e+00	3.317840e+00
6.279800000000050e+00	3.317841e+00
6.280100000000051e+00	3.317841e+00
6.280400000000051e+00	3.317842e+00
6.280700000000051e+00	3.317843e+00
6.281000000000051e+00	3.317843e+00
6.281300000000051e+00	3.317844e+00
6.281600000000052e+00	3.317845e+00
6.281900000000052e+00	3.317845e+00
6.282200000000052e+00	3.317846e+00
6.282500000000052e+00	3.317847e+00
6.282800000000052e+00	3.317847e+00
6.283100000000053e+00	3.317848e+00
6.283400000000053e+00	3.317848e+00
6.283700000000053e+00	3.317849e+00
6.284000000000053e+00	3.317850e+00
6.284300000000053e+00	3.317850e+00
6.284600000000053e+00	3.317851e+00
6.284900000000054e+00	3.317852e+00
6.285200000000054e+00	3.317852e+00
6.285500000000054e+00	3.317853e+00
6.285800000000054e+00	3.317853e+00
6.286100000000054e+00	3.317854e+00
6.286400000000055e+00	3.317855e+00
6.286700000000055e+00	3.317855e+00
6.287000000000055e+00	3.317856e+00
6.287300000000055e+00	3.317857e+00
6.287600000000055e+00	3.317857e+00
6.287900000000056e+00	3.317858e+00
6.288200000000056e+00	3.317858e+00
6.288500000000056e+00	3.317859e+00
6.288800000000056e+00	3.317860e+00
6.289100000000056e+00	3.317860e+00
6.289400000000057e+00	3.317861e+00
6.289700000000057e+00	3.317862e+00
6.290000000000057e+00	3.317862e+00
6.290300000000057e+00	3.317863e+00
6.290600000000057e+00	3.317863e+00
6.290900000000057e+00	3.317864e+00
6.291200000000058e+00	3.317865e+00
6.291500000000058e+00	3.317865e+00
6.291800000000058e+00	3.317866e+00
6.292100000000058e+00	3.317867e+00
6.292400000000058e+00	3.317867e+00
6.292700000000059e+00	3.317868e+00
6.293000000000059e+00	3.317869e+00
6.293300000000059e+00	3.317869e+00
6.293600000000059e+00	3.317870e+00
6.293900000000059e+00	3.317871e+00
6.294200000000060e+00	3.317871e+00
6.294500000000060e+00	3.317872e+00
6.294800000000060e+00	3.317873e+00
6.295100000000060e+00	3.317873e+00
6.295400000000060e+00	3.317874e+00
6.295700000000060e+00	3.317874e+00
6.296000000000061e+00	3.317875e+00
6.296300000000061e+00	3.317876e+00
6.296600000000061e+00	3.317876e+00
6.296900000000061e+00	3.317877e+00
6.297200000000061e+00	3.317878e+00
6.297500000000062e+00	3.317878e+00
6.297800000000062e+00	3.317879e+00
6.298100000000062e+00	3.317879e+00
6.298400000000062e+00	3.317880e+00
6.298700000000062e+00	3.317881e+00
6.299000000000063e+00	3.317881e+00
6.299300000000063e+00	3.317882e+00
6.299600000000063e+00	3.317883e+00
6.299900000000063e+00	3.317883e+00
6.300200000000063e+00	3.317884e+00
6.300500000000063e+00	3.317884e+00
6.300800000000064e+00	3.317885e+00
6.301100000000064e+00	3.317886e+00
6.301400000000064e+00	3.317886e+00
6.301700000000064e+00	3.317887e+00
6.302000000000064e+00	3.317888e+00
6.302300000000065e+00	3.317888e+00
6.302600000000065e+00	3.317889e+00
6.302900000000065e+00	3.317889e+00
6.303200000000065e+00	3.317890e+00
6.303500000000065e+00	3.317891e+00
6.303800000000066e+00	3.317891e+00
6.304100000000066e+00	3.317892e+00
6.304400000000066e+00	3.317893e+00
6.304700000000066e+00	3.317893e+00
6.305000000000066e+00	3.317894e+00
6.305300000000067e+00	3.317895e+00
6.305600000000067e+00	3.317895e+00
6.305900000000067e+00	3.317896e+00
6.306200000000067e+00	3.317897e+00
6.306500000000067e+00	3.317897e+00
6.306800000000067e+00	3.317898e+00
6.307100000000068e+00	3.317899e+00
6.307400000000068e+00	3.317899e+00
6.307700000000068e+00	3.317900e+00
6.308000000000068e+00	3.317900e+00
6.308300000000068e+00	3.317901e+00
6.308600000000069e+00	3.317902e+00
6.308900000000069e+00	3.317902e+00
6.309200000000069e+00	3.317903e+00
6.309500000000069e+00	3.317904e+00
6.309800000000069e+00	3.317904e+00
6.310100000000070e+00	3.317905e+00
6.310400000000070e+00	3.317905e+00
6.310700000000070e+00	3.317906e+00
6.311000000000070e+00	3.317907e+00
6.311300000000070e+00	3.317907e+00
6.311600000000070e+00	3.317908e+00
6.311900000000071e+00	3.317909e+00
6.312200000000071e+00	3.317909e+00
6.312500000000071e+00	3.317910e+00
6.312800000000071e+00	3.317910e+00
6.313100000000071e+00	3.317911e+00
6.313400000000072e+00	3.317912e+00
6.313700000000072e+00	3.317912e+00
6.314000000000072e+00	3.317913e+00
6.314300000000072e+00	3.317914e+00
6.314600000000072e+00	3.317914e+00
6.314900000000073e+00	3.317915e+00
6.315200000000073e+00	3.317915e+00
6.315500000000073e+00	3.317916e+00
6.315800000000073e+00	3.317917e+00
6.316100000000073e+00	3.317917e+00
6.316400000000074e+00	3.317918e+00
6.316700000000074e+00	3.317919e+00
6.317000000000074e+00	3.317919e+00
6.317300000000074e+00	3.317920e+00
6.317600000000074e+00	3.317921e+00
6.317900000000074e+00	3.317921e+00
6.318200000000075e+00	3.317922e+00
6.318500000000075e+00	3.317922e+00
6.318800000000075e+00	3.317923e+00
6.319100000000075e+00	3.317924e+00
6.319400000000075e+00	3.317924e+00
6.319700000000076e+00	3.317925e+00
6.320000000000076e+00	3.317926e+00
6.320300000000076e+00	3.317926e+00
6.320600000000076e+00	3.317927e+00
6.320900000000076e+00	3.317928e+00
6.321200000000077e+00	3.317928e+00
6.321500000000077e+00	3.317929e+00
6.321800000000077e+00	3.317930e+00
6.322100000000077e+00	3.317930e+00
6.322400000000077e+00	3.317931e+00
6.322700000000077e+00	3.317931e+00
6.323000000000078e+00	3.317932e+00
6.323300000000078e+00	3.317933e+00
6.323600000000078e+00	3.317933e+00
6.323900000000078e+00	3.317934e+00
6.324200000000078e+00	3.317935e+00
6.324500000000079e+00	3.317935e+00
6.324800000000079e+00	3.317936e+00
6.325100000000079e+00	3.317936e+00
6.325400000000079e+00	3.317937e+00
6.325700000000079e+00	3.317938e+00
6.326000000000080e+00	3.317938e+00
6.326300000000080e+00	3.317939e+00
6.326600000000080e+00	3.317940e+00
6.326900000000080e+00	3.317940e+00
6.327200000000080e+00	3.317941e+00
6.327500000000081e+00	3.317941e+00
6.327800000000081e+00	3.317942e+00
6.328100000000081e+00	3.317943e+00
6.328400000000081e+00	3.317943e+00
6.328700000000081e+00	3.317944e+00
6.329000000000081e+00	3.317945e+00
6.329300000000082e+00	3.317945e+00
6.329600000000082e+00	3.317946e+00
6.329900000000082e+00	3.317946e+00
6.330200000000082e+00	3.317947e+00
6.330500000000082e+00	3.317948e+00
6.330800000000083e+00	3.317948e+00
6.331100000000083e+00	3.317949e+00
6.331400000000083e+00	3.317950e+00
6.331700000000083e+00	3.317950e+00
6.332000000000083e+00	3.317951e+00
6.332300000000084e+00	3.317952e+00
6.332600000000084e+00	3.317952e+00
6.332900000000084e+00	3.317953e+00
6.333200000000084e+00	3.317954e+00
6.333500000000084e+00	3.317954e+00
6.333800000000084e+00	3.317955e+00
6.334100000000085e+00	3.317955e+00
6.334400000000085e+00	3.317956e+00
6.334700000000085e+00	3.317957e+00
6.335000000000085e+00	3.317957e+00
6.335300000000085e+00	3.317958e+00
6.335600000000086e+00	3.317959e+00
6.335900000000086e+00	3.317959e+00
6.336200000000086e+00	3.317960e+00
6.336500000000086e+00	3.317961e+00
6.336800000000086e+00	3.317961e+00
6.337100000000087e+00	3.317962e+00
6.337400000000087e+00	3.317962e+00
6.337700000000087e+00	3.317963e+00
6.338000000000087e+00	3.317964e+00
6.338300000000087e+00	3.317964e+00
6.338600000000087e+00	3.317965e+00
6.338900000000088e+00	3.317966e+00
6.339200000000088e+00	3.317966e+00
6.339500000000088e+00	3.317967e+00
6.339800000000088e+00	3.317967e+00
6.340100000000088e+00	3.317968e+00
6.340400000000089e+00	3.317969e+00
6.340700000000089e+00	3.317969e+00
6.341000000000089e+00	3.317970e+00
6.341300000000089e+00	3.317971e+00
6.341600000000089e+00	3.317971e+00
6.341900000000090e+00	3.317972e+00
6.342200000000090e+00	3.317972e+00
6.342500000000090e+00	3.317973e+00
6.342800000000090e+00	3.317974e+00
6.343100000000090e+00	3.317974e+00
6.343400000000091e+00	3.317975e+00
6.343700000000091e+00	3.317976e+00
6.344000000000091e+00	3.317976e+00
6.344300000000091e+00	3.317977e+00
6.344600000000091e+00	3.317978e+00
6.344900000000091e+00	3.317978e+00
6.345200000000092e+00	3.317979e+00
6.345500000000092e+00	3.317980e+00
6.345800000000092e+00	3.317980e+00
6.346100000000092e+00	3.317981e+00
6.346400000000092e+00	3.317981e+00
6.346700000000093e+00	3.317982e+00
6.347000000000093e+00	3.317983e+00
6.347300000000093e+00	3.317983e+00
6.347600000000093e+00	3.317984e+00
6.347900000000093e+00	3.317985e+00
6.348200000000094e+00	3.317985e+00
6.348500000000094e+00	3.317986e+00
6.348800000000094e+00	3.317986e+00
6.349100000000094e+00	3.317987e+00
6.349400000000094e+00	3.317988e+00
6.349700000000094e+00	3.317988e+00
6.350000000000095e+00	3.317989e+00
6.350300000000095e+00	3.317990e+00
6.350600000000095e+00	3.317990e+00
6.350900000000095e+00	3.317991e+00
6.351200000000095e+00	3.317991e+00
6.351500000000096e+00	3.317992e+00
6.351800000000096e+00	3.317993e+00
6.352100000000096e+00	3.317993e+00
6.352400000000096e+00	3.317994e+00
6.352700000000096e+00	3.317995e+00
6.353000000000097e+00	3.317995e+00
6.353300000000097e+00	3.317996e+00
6.353600000000097e+00	3.317997e+00
6.353900000000097e+00	3.317997e+00
6.354200000000097e+00	3.317998e+00
6.354500000000098e+00	3.317998e+00
6.354800000000098e+00	3.317999e+00
6.355100000000098e+00	3.318000e+00
6.355400000000098e+00	3.318000e+00
6.355700000000098e+00	3.318001e+00
6.356000000000098e+00	3.318002e+00
6.356300000000099e+00	3.318002e+00
6.356600000000099e+00	3.318003e+00
6.356900000000099e+00	3.318004e+00
6.357200000000099e+00	3.318004e+00
6.357500000000099e+00	3.318005e+00
6.357800000000100e+00	3.318006e+00
6.358100000000100e+00	3.318006e+00
6.358400000000100e+00	3.318007e+00
6.358700000000100e+00	3.318007e+00
6.359000000000100e+00	3.318008e+00
6.359300000000101e+00	3.318009e+00
6.359600000000101e+00	3.318009e+00
6.359900000000101e+00	3.318010e+00
6.360200000000101e+00	3.318011e+00
6.360500000000101e+00	3.318011e+00
6.360800000000101e+00	3.318012e+00
6.361100000000102e+00	3.318012e+00
6.361400000000102e+00	3.318013e+00
6.361700000000102e+00	3.318014e+00
6.362000000000102e+00	3.318014e+00
6.362300000000102e+00	3.318015e+00
6.362600000000103e+00	3.318016e+00
6.362900000000103e+00	3.318016e+00
6.363200000000103e+00	3.318017e+00
6.363500000000103e+00	3.318017e+00
6.363800000000103e+00	3.318018e+00
6.364100000000104e+00	3.318019e+00
6.364400000000104e+00	3.318019e+00
6.364700000000104e+00	3.318020e+00
6.365000000000104e+00	3.318021e+00
6.365300000000104e+00	3.318021e+00
6.365600000000105e+00	3.318022e+00
6.365900000000105e+00	3.318022e+00
6.366200000000105e+00	3.318023e+00
6.366500000000105e+00	3.318024e+00
6.366800000000105e+00	3.318024e+00
6.367100000000105e+00	3.318025e+00
6.367400000000106e+00	3.318026e+00
6.367700000000106e+00	3.318026e+00
6.368000000000106e+00	3.318027e+00
6.368300000000106e+00	3.318027e+00
6.368600000000106e+00	3.318028e+00
6.368900000000107e+00	3.318029e+00
6.369200000000107e+00	3.318029e+00
6.369500000000107e+00	3.318030e+00
6.369800000000107e+00	3.318031e+00
6.370100000000107e+00	3.318031e+00
6.370400000000108e+00	3.318032e+00
6.370700000000108e+00	3.318033e+00
6.371000000000108e+00	3.318033e+00
6.371300000000108e+00	3.318034e+00
6.371600000000108e+00	3.318035e+00
6.371900000000108e+00	3.318035e+00
6.372200000000109e+00	3.318036e+00
6.372500000000109e+00	3.318037e+00
6.372800000000109e+00	3.318037e+00
6.373100000000109e+00	3.318038e+00
6.373400000000109e+00	3.318038e+00
6.373700000000110e+00	3.318039e+00
6.374000000000110e+00	3.318040e+00
6.374300000000110e+00	3.318040e+00
6.374600000000110e+00	3.318041e+00
6.374900000000110e+00	3.318042e+00
6.375200000000111e+00	3.318042e+00
6.375500000000111e+00	3.318043e+00
6.375800000000111e+00	3.318043e+00
6.376100000000111e+00	3.318044e+00
6.376400000000111e+00	3.318045e+00
6.376700000000112e+00	3.318045e+00
6.377000000000112e+00	3.318046e+00
6.377300000000112e+00	3.318047e+00
6.377600000000112e+00	3.318047e+00
6.377900000000112e+00	3.318048e+00
6.378200000000112e+00	3.318048e+00
6.378500000000113e+00	3.318049e+00
6.378800000000113e+00	3.318050e+00
6.379100000000113e+00	3.318050e+00
6.379400000000113e+00	3.318051e+00
6.379700000000113e+00	3.318052e+00
6.380000000000114e+00	3.318052e+00
6.380300000000114e+00	3.318053e+00
6.380600000000114e+00	3.318053e+00
6.380900000000114e+00	3.318054e+00
6.381200000000114e+00	3.318055e+00
6.381500000000115e+00	3.318055e+00
6.381800000000115e+00	3.318056e+00
6.382100000000115e+00	3.318057e+00
6.382400000000115e+00	3.318057e+00
6.382700000000115e+00	3.318058e+00
6.383000000000115e+00	3.318059e+00
6.383300000000116e+00	3.318059e+00
6.383600000000116e+00	3.318060e+00
6.383900000000116e+00	3.318061e+00
6.384200000000116e+00	3.318061e+00
6.384500000000116e+00	3.318062e+00
6.384800000000117e+00	3.318062e+00
6.385100000000117e+00	3.318063e+00
6.385400000000117e+00	3.318064e+00
6.385700000000117e+00	3.318064e+00
6.386000000000117e+00	3.318065e+00
6.386300000000118e+00	3.318066e+00
6.386600000000118e+00	3.318066e+00
6.386900000000118e+00	3.318067e+00
6.387200000000118e+00	3.318068e+00
6.387500000000118e+00	3.318068e+00
6.387800000000118e+00	3.318069e+00
6.388100000000119e+00	3.318069e+00
6.388400000000119e+00	3.318070e+00
6.388700000000119e+00	3.318071e+00
6.389000000000119e+00	3.318071e+00
6.389300000000119e+00	3.318072e+00
6.389600000000120e+00	3.318073e+00
6.389900000000120e+00	3.318073e+00
6.390200000000120e+00	3.318074e+00
6.390500000000120e+00	3.318074e+00
6.390800000000120e+00	3.318075e+00
6.391100000000121e+00	3.318076e+00
6.391400000000121e+00	3.318076e+00
6.391700000000121e+00	3.318077e+00
6.392000000000121e+00	3.318078e+00
6.392300000000121e+00	3.318078e+00
6.392600000000122e+00	3.318079e+00
6.392900000000122e+00	3.318079e+00
6.393200000000122e+00	3.318080e+00
6.393500000000122e+00	3.318081e+00
6.393800000000122e+00	3.318081e+00
6.394100000000122e+00	3.318082e+00
6.394400000000123e+00	3.318083e+00
6.394700000000123e+00	3.318083e+00
6.395000000000123e+00	3.318084e+00
6.395300000000123e+00	3.318084e+00
6.395600000000123e+00	3.318085e+00
6.395900000000124e+00	3.318086e+00
6.396200000000124e+00	3.318086e+00
6.396500000000124e+00	3.318087e+00
6.396800000000124e+00	3.318088e+00
6.397100000000124e+00	3.318088e+00
6.397400000000125e+00	3.318089e+00
6.397700000000125e+00	3.318090e+00
6.398000000000125e+00	3.318090e+00
6.398300000000125e+00	3.318091e+00
6.398600000000125e+00	3.318092e+00
6.398900000000125e+00	3.318092e+00
6.399200000000126e+00	3.318093e+00
6.399500000000126e+00	3.318094e+00
6.399800000000126e+00	3.318094e+00
6.400100000000126e+00	3.318095e+00
6.400400000000126e+00	3.318095e+00
6.400700000000127e+00	3.318096e+00
6.401000000000127e+00	3.318097e+00
6.401300000000127e+00	3.318097e+00
6.401600000000127e+00	3.318098e+00
6.401900000000127e+00	3.318099e+00
6.402200000000128e+00	3.318099e+00
6.402500000000128e+00	3.318100e+00
6.402800000000128e+00	3.318100e+00
6.403100000000128e+00	3.318101e+00
6.403400000000128e+00	3.318102e+00
6.403700000000129e+00	3.318102e+00
6.404000000000129e+00	3.318103e+00
6.404300000000129e+00	3.318104e+00
6.404600000000129e+00	3.318104e+00
6.404900000000129e+00	3.318105e+00
6.405200000000129e+00	3.318105e+00
6.405500000000130e+00	3.318106e+00
6.405800000000130e+00	3.318107e+00
6.406100000000130e+00	3.318107e+00
6.406400000000130e+00	3.318108e+00
6.406700000000130e+00	3.318109e+00
6.407000000000131e+00	3.318109e+00
6.407300000000131e+00	3.318110e+00
6.407600000000131e+00	3.318110e+00
6.407900000000131e+00	3.318111e+00
6.408200000000131e+00	3.318112e+00
6.408500000000132e+00	3.318112e+00
6.408800000000132e+00	3.318113e+00
6.409100000000132e+00	3.318114e+00
6.409400000000132e+00	3.318114e+00
6.409700000000132e+00	3.318115e+00
6.410000000000132e+00	3.318115e+00
6.410300000000133e+00	3.318116e+00
6.410600000000133e+00	3.318117e+00
6.410900000000133e+00	3.318117e+00
6.411200000000133e+00	3.318118e+00
6.411500000000133e+00	3.318119e+00
6.411800000000134e+00	3.318119e+00
6.412100000000134e+00	3.318120e+00
6.412400000000134e+00	3.318121e+00
6.412700000000134e+00	3.318121e+00
6.413000000000134e+00	3.318122e+00
6.413300000000135e+00	3.318123e+00
6.413600000000135e+00	3.318123e+00
6.413900000000135e+00	3.318124e+00
6.414200000000135e+00	3.318125e+00
6.414500000000135e+00	3.318125e+00
6.414800000000136e+00	3.318126e+00
6.415100000000136e+00	3.318126e+00
6.415400000000136e+00	3.318127e+00
6.415700000000136e+00	3.318128e+00
6.416000000000136e+00	3.318128e+00
6.416300000000136e+00	3.318129e+00
6.416600000000137e+00	3.318130e+00
6.416900000000137e+00	3.318130e+00
6.417200000000137e+00	3.318131e+00
6.417500000000137e+00	3.318131e+00
6.417800000000137e+00	3.318132e+00
6.418100000000138e+00	3.318133e+00
6.418400000000138e+00	3.318133e+00
6.418700000000138e+00	3.318134e+00
6.419000000000138e+00	3.318135e+00
6.419300000000138e+00	3.318135e+00
6.419600000000139e+00	3.318136e+00
6.419900000000139e+00	3.318136e+00
6.420200000000139e+00	3.318137e+00
6.420500000000139e+00	3.318138e+00
6.420800000000139e+00	3.318138e+00
6.421100000000139e+00	3.318139e+00
6.421400000000140e+00	3.318140e+00
6.421700000000140e+00	3.318140e+00
6.422000000000140e+00	3.318141e+00
6.422300000000140e+00	3.318141e+00
6.422600000000140e+00	3.318142e+00
6.422900000000141e+00	3.318143e+00
6.423200000000141e+00	3.318143e+00
6.423500000000141e+00	3.318144e+00
6.423800000000141e+00	3.318145e+00
6.424100000000141e+00	3.318145e+00
6.424400000000142e+00	3.318146e+00
6.424700000000142e+00	3.318147e+00
6.425000000000142e+00	3.318147e+00
6.425300000000142e+00	3.318148e+00
6.425600000000142e+00	3.318148e+00
6.425900000000142e+00	3.318149e+00
6.426200000000143e+00	3.318150e+00
6.426500000000143e+00	3.318150e+00
6.426800000000143e+00	3.318151e+00
6.427100000000143e+00	3.318152e+00
6.427400000000143e+00	3.318152e+00
6.427700000000144e+00	3.318153e+00
6.428000000000144e+00	3.318154e+00
6.428300000000144e+00	3.318154e+00
6.428600000000144e+00	3.318155e+00
6.428900000000144e+00	3.318156e+00
6.429200000000145e+00	3.318156e+00
6.429500000000145e+00	3.318157e+00
6.429800000000145e+00	3.318157e+00
6.430100000000145e+00	3.318158e+00
6.430400000000145e+00	3.318159e+00
6.430700000000146e+00	3.318159e+00
6.431000000000146e+00	3.318160e+00
6.431300000000146e+00	3.318161e+00
6.431600000000146e+00	3.318161e+00
6.431900000000146e+00	3.318162e+00
6.432200000000146e+00	3.318162e+00
6.432500000000147e+00	3.318163e+00
6.432800000000147e+00	3.318164e+00
6.433100000000147e+00	3.318164e+00
6.433400000000147e+00	3.318165e+00
6.433700000000147e+00	3.318166e+00
6.434000000000148e+00	3.318166e+00
6.434300000000148e+00	3.318167e+00
6.434600000000148e+00	3.318167e+00
6.434900000000148e+00	3.318168e+00
6.435200000000148e+00	3.318169e+00
6.435500000000149e+00	3.318169e+00
6.435800000000149e+00	3.318170e+00
6.436100000000149e+00	3.318171e+00
6.436400000000149e+00	3.318171e+00
6.436700000000149e+00	3.318172e+00
6.437000000000149e+00	3.318172e+00
6.437300000000150e+00	3.318173e+00
6.437600000000150e+00	3.318174e+00
6.437900000000150e+00	3.318174e+00
6.438200000000150e+00	3.318175e+00
6.438500000000150e+00	3.318176e+00
6.438800000000151e+00	3.318176e+00
6.439100000000151e+00	3.318177e+00
6.439400000000151e+00	3.318178e+00
6.439700000000151e+00	3.318178e+00
6.440000000000151e+00	3.318179e+00
6.440300000000152e+00	3.318179e+00
6.440600000000152e+00	3.318180e+00
6.440900000000152e+00	3.318181e+00
6.441200000000152e+00	3.318181e+00
6.441500000000152e+00	3.318182e+00
6.441800000000153e+00	3.318183e+00
6.442100000000153e+00	3.318183e+00
6.442400000000153e+00	3.318184e+00
6.442700000000153e+00	3.318185e+00
6.443000000000153e+00	3.318185e+00
6.443300000000153e+00	3.318186e+00
6.443600000000154e+00	3.318187e+00
6.443900000000154e+00	3.318187e+00
6.444200000000154e+00	3.318188e+00
6.444500000000154e+00	3.318188e+00
6.444800000000154e+00	3.318189e+00
6.445100000000155e+00	3.318190e+00
6.445400000000155e+00	3.318190e+00
6.445700000000155e+00	3.318191e+00
6.446000000000155e+00	3.318192e+00
6.446300000000155e+00	3.318192e+00
6.446600000000156e+00	3.318193e+00
6.446900000000156e+00	3.318193e+00
6.447200000000156e+00	3.318194e+00
6.447500000000156e+00	3.318195e+00
6.447800000000156e+00	3.318195e+00
6.448100000000156e+00	3.318196e+00
6.448400000000157e+00	3.318197e+00
6.448700000000157e+00	3.318197e+00
6.449000000000157e+00	3.318198e+00
6.449300000000157e+00	3.318198e+00
6.449600000000157e+00	3.318199e+00
6.449900000000158e+00	3.318200e+00
6.450200000000158e+00	3.318200e+00
6.450500000000158e+00	3.318201e+00
6.450800000000158e+00	3.318202e+00
6.451100000000158e+00	3.318202e+00
6.451400000000159e+00	3.318203e+00
6.451700000000159e+00	3.318203e+00
6.452000000000159e+00	3.318204e+00
6.452300000000159e+00	3.318205e+00
6.452600000000159e+00	3.318205e+00
6.452900000000160e+00	3.318206e+00
6.453200000000160e+00	3.318207e+00
6.453500000000160e+00	3.318207e+00
6.453800000000160e+00	3.318208e+00
6.454100000000160e+00	3.318209e+00
6.454400000000160e+00	3.318209e+00
6.454700000000161e+00	3.318210e+00
6.455000000000161e+00	3.318210e+00
6.455300000000161e+00	3.318211e+00
6.455600000000161e+00	3.318212e+00
6.455900000000161e+00	3.318212e+00
6.456200000000162e+00	3.318213e+00
6.456500000000162e+00	3.318214e+00
6.456800000000162e+00	3.318214e+00
6.457100000000162e+00	3.318215e+00
6.457400000000162e+00	3.318216e+00
6.457700000000163e+00	3.318216e+00
6.458000000000163e+00	3.318217e+00
6.458300000000163e+00	3.318218e+00
6.458600000000163e+00	3.318218e+00
6.458900000000163e+00	3.318219e+00
6.459200000000163e+00	3.318219e+00
6.459500000000164e+00	3.318220e+00
6.459800000000164e+00	3.318221e+00
6.460100000000164e+00	3.318221e+00
6.460400000000164e+00	3.318222e+00
6.460700000000164e+00	3.318223e+00
6.461000000000165e+00	3.318223e+00
6.461300000000165e+00	3.318224e+00
6.461600000000165e+00	3.318224e+00
6.461900000000165e+00	3.318225e+00
6.462200000000165e+00	3.318226e+00
6.462500000000166e+00	3.318226e+00
6.462800000000166e+00	3.318227e+00
6.463100000000166e+00	3.318228e+00
6.463400000000166e+00	3.318228e+00
6.463700000000166e+00	3.318229e+00
6.464000000000167e+00	3.318229e+00
6.464300000000167e+00	3.318230e+00
6.464600000000167e+00	3.318231e+00
6.464900000000167e+00	3.318231e+00
6.465200000000167e+00	3.318232e+00
6.465500000000167e+00	3.318233e+00
6.465800000000168e+00	3.318233e+00
6.466100000000168e+00	3.318234e+00
6.466400000000168e+00	3.318234e+00
6.466700000000168e+00	3.318235e+00
6.467000000000168e+00	3.318236e+00
6.467300000000169e+00	3.318236e+00
6.467600000000169e+00	3.318237e+00
6.467900000000169e+00	3.318238e+00
6.468200000000169e+00	3.318238e+00
6.468500000000169e+00	3.318239e+00
6.468800000000170e+00	3.318239e+00
6.469100000000170e+00	3.318240e+00
6.469400000000170e+00	3.318241e+00
6.469700000000170e+00	3.318241e+00
6.470000000000170e+00	3.318242e+00
6.470300000000170e+00	3.318243e+00
6.470600000000171e+00	3.318243e+00
6.470900000000171e+00	3.318244e+00
6.471200000000171e+00	3.318245e+00
6.471500000000171e+00	3.318245e+00
6.471800000000171e+00	3.318246e+00
6.472100000000172e+00	3.318247e+00
6.472400000000172e+00	3.318247e+00
6.472700000000172e+00	3.318248e+00
6.473000000000172e+00	3.318249e+00
6.473300000000172e+00	3.318249e+00
6.473600000000173e+00	3.318250e+00
6.473900000000173e+00	3.318250e+00
6.474200000000173e+00	3.318251e+00
6.474500000000173e+00	3.318252e+00
6.474800000000173e+00	3.318252e+00
6.475100000000173e+00	3.318253e+00
6.475400000000174e+00	3.318254e+00
6.475700000000174e+00	3.318254e+00
6.476000000000174e+00	3.318255e+00
6.476300000000174e+00	3.318255e+00
6.476600000000174e+00	3.318256e+00
6.476900000000175e+00	3.318257e+00
6.477200000000175e+00	3.318257e+00
6.477500000000175e+00	3.318258e+00
6.477800000000175e+00	3.318259e+00
6.478100000000175e+00	3.318259e+00
6.478400000000176e+00	3.318260e+00
6.478700000000176e+00	3.318260e+00
6.479000000000176e+00	3.318261e+00
6.479300000000176e+00	3.318262e+00
6.479600000000176e+00	3.318262e+00
6.479900000000177e+00	3.318263e+00
6.480200000000177e+00	3.318264e+00
6.480500000000177e+00	3.318264e+00
6.480800000000177e+00	3.318265e+00
6.481100000000177e+00	3.318265e+00
6.481400000000177e+00	3.318266e+00
6.481700000000178e+00	3.318267e+00
6.482000000000178e+00	3.318267e+00
6.482300000000178e+00	3.318268e+00
6.482600000000178e+00	3.318269e+00
6.482900000000178e+00	3.318269e+00
6.483200000000179e+00	3.318270e+00
6.483500000000179e+00	3.318270e+00
6.483800000000179e+00	3.318271e+00
6.484100000000179e+00	3.318272e+00
6.484400000000179e+00	3.318272e+00
6.484700000000180e+00	3.318273e+00
6.485000000000180e+00	3.318274e+00
6.485300000000180e+00	3.318274e+00
6.485600000000180e+00	3.318275e+00
6.485900000000180e+00	3.318276e+00
6.486200000000180e+00	3.318276e+00
6.486500000000181e+00	3.318277e+00
6.486800000000181e+00	3.318278e+00
6.487100000000181e+00	3.318278e+00
6.487400000000181e+00	3.318279e+00
6.487700000000181e+00	3.318280e+00
6.488000000000182e+00	3.318280e+00
6.488300000000182e+00	3.318281e+00
6.488600000000182e+00	3.318281e+00
6.488900000000182e+00	3.318282e+00
6.489200000000182e+00	3.318283e+00
6.489500000000183e+00	3.318283e+00
6.489800000000183e+00	3.318284e+00
6.490100000000183e+00	3.318285e+00
6.490400000000183e+00	3.318285e+00
6.490700000000183e+00	3.318286e+00
6.491000000000184e+00	3.318286e+00
6.491300000000184e+00	3.318287e+00
6.491600000000184e+00	3.318288e+00
6.491900000000184e+00	3.318288e+00
6.492200000000184e+00	3.318289e+00
6.492500000000184e+00	3.318290e+00
6.492800000000185e+00	3.318290e+00
6.493100000000185e+00	3.318291e+00
6.493400000000185e+00	3.318291e+00
6.493700000000185e+00	3.318292e+00
6.494000000000185e+00	3.318293e+00
6.494300000000186e+00	3.318293e+00
6.494600000000186e+00	3.318294e+00
6.494900000000186e+00	3.318295e+00
6.495200000000186e+00	3.318295e+00
6.495500000000186e+00	3.318296e+00
6.495800000000187e+00	3.318296e+00
6.496100000000187e+00	3.318297e+00
6.496400000000187e+00	3.318298e+00
6.496700000000187e+00	3.318298e+00
6.497000000000187e+00	3.318299e+00
6.497300000000187e+00	3.318300e+00
6.497600000000188e+00	3.318300e+00
6.497900000000188e+00	3.318301e+00
6.498200000000188e+00	3.318301e+00
6.498500000000188e+00	3.318302e+00
6.498800000000188e+00	3.318303e+00
6.499100000000189e+00	3.318303e+00
6.499400000000189e+00	3.318304e+00
6.499700000000189e+00	3.318305e+00
6.500000000000000e+00	3.318305e+00
